##################################################################
### Terrain Categories
###
### Terrain types: plains, mountains, hills, desert, artic, forest, jungle, marsh, pti
### Types are used by the game to apply certain bonuses/maluses on movement/combat etc.
###
### Sound types: plains, forest, desert, sea, jungle, mountains

categories =  {
	pti = {
		type = pti
	}

	ocean = {
		color = { 255 255 255 }

		sound_type = sea
		is_water = yes

		movement_cost = 1.0
	}

	inland_ocean = {
		color = { 0 0 200 }

		sound_type = sea
		is_water = yes
		inland_sea = yes

		movement_cost = 1.0
		
		terrain_override = {
			1355 1358 1360
			1361 1362 1363 1364 1365 1366 1367 1368 1369 1370 1371 1393 1394 1395
			1359 1398 1399 1400
			1356 1357 1401 1408 1409 1410
			1348 1347 1345
			1402 4357 1397 4358
			1358 1353 1352 1351 1350 1354
			
			#Superstates
			3309 #California Bay
			1553 3005 #Gulf of California
			1501 #Chesapeake Bay
			1486 1487 1488 1489 1485 #Hudson Bay
			3308 1490 1491 3307 #Gulf of St Lawrence
			1505 1506 1507 1508 1509 1510 1511 1512 3324 #Gulf of Mexico
			1525 1524 1516 1518 1513 1517 1513 1514 1515 1519 1520 1522 3313 1523 1521 1526 #Caribbean
			
		}
	}	

	glacier = {
		color = { 235 235 235 }

		sound_type = desert

		defence = 1
		movement_cost = 1.25
		supply_limit = 2		
		local_development_cost = 0.5
		nation_designer_cost_multiplier = 0.75		
		
		terrain_override = {		
			1034 1035 2074 2128 2129 2025 2440
			#SuperStates
			1104 1105 3052 4632 4633 4634 3233 2670 2620 3034
			4915 4914 4913 4912 4918 4919 4911 4910 4920 4908 4909 4907 4917 4916 4922 4921
		}
	}

	farmlands = {
		color = { 179 255 64 }

		type = plains
		sound_type = plains

		movement_cost = 1.10
		local_development_cost = -0.05
		supply_limit = 10
		allowed_num_of_buildings = 1
		nation_designer_cost_multiplier = 1.05
		
		terrain_override = {
			104 109 108 1744 1865
			
			45 44 1874 113 172 
			
			161 2998 160 125
			
			506 507 510 522 523 524 532 540 555 556 558 561 563 2026 2044 2045 2047 2060 2063 2075 2095
			
			115 117 118 121 1862
			
			584 600 
			
			153 1772
			
			613 2380
			
			169 177 180 1879 167 183 192 191 1877 200 2753 
			
			1868 68 77 70 65 78 1841 266 
			255 254 258 259 260 134 151 152 1767 1954 150 268 280 1876
			
			 243 245 248 
			410 415 2310
			
			186 90 92 88 182 12 14 6 289 2407 290 279 4538
			
			695 696 1816 2137 690 691 2138 2139 2140 685 1821 1822 2141 2142 2145 1838 2143 2144  
			684 2148 2149 2150 687 688 692 1836 2175 2176 671 672 682 683 2151 2172 679
			665 667 2156 2157 2159 2163 700
			
			 2312 257 2033 148
			64 2955 2957 267 2979 2980 2981
			
			#Sorted from here:
			
			4384 4388 4390 4392 #France
			
			43 97 98 100 4382 4383 #Netherlands
			
			234 235 236 238 4367 4368 4371 4375 #British isles
			
			358 359 361 363 2316 4316 #Egypt
			
			262 264 4126 4173 4240 #Central Europe
			
			4194 4195 4196 4197 4212 4213 #Greater China
			1020 1021 1028 1030 #Japan
			735 2745 #Korea
			
			581 4396 585 586 # Burma
			2076 4415 4416 4428 4476 4479 4487 4489 4490 4496 4497 4510 4513 #India
			4529 4531 # Romania
			146 # 1.30 Greece and Bulgaria

			67 4765 4769 4712 #Germany
			
			4831 4832 # Mandala

			2774 2775 2794 2796 #South Somalia
			
			#SuperStates
			860 863 871 903 904 941 945 953 960 961 965 976 977 995 996 999 1000 1002 1003 1006
			1007 1011 1084 1088 1790 1808 1809 1812 1813 2011 2017 2018 2019 2476 2477 2478 2479
			2480 2485 2492 2493 2494 2496 2497 2498 2500 2501 2503 2504 2505 2507 2511 2512 2513
			2516 2519 2522 2524 2525 2526 2527 2528 2530 2531 2533 2534 2535 2536 2546 2547 2549
			2551 2552 2553 2554 2555 2556 2557 2558 2559 2561 2562 2563 2564 2565 2566 2567 2568
			2569 2570 2571 2573 2575 2578 2579 2580 2581 2582 2583 2585 2590 2591 2596 2597 2598
			2600 2609 2610 2611 2612 2613 2614 2615 2616 2622 2623 2629 2630 2631 2635 2642 2643
			2644 2645 2651 2657 2665 2666 2669 2729 2730 2731 2732 2735 2739 3006 3007 3010 3022
			3025 3026 3038 3043 3044 3045 3053 3054 3057 3058 3060 3061 3064 3065 3072 3083 3084
			3090 3091 3095 3096 3099 3107 3108 3109 3110 3111 3112 3113 3114 3115 3116 3121 3122
			3123 3124 3127 3128 3130 3132 3134 3135 3138 3139 3140 3141 3142 3144 3145 3148 3151
			3155 3157 3158 3163 3164 3165 3166 3167 3175 3181 3187 3193 3196 3198 3199 3209 3230
			3231 3232 3241 3242 3244 3247 3249 3250 3261 3272 3276 3288 3293 3294 3296 3305 3312
			3325 4649 3126 3320 3321 3102 1089
		}		
	}
	
	forest = {
		color = { 18 74 9 }

		type = forest
		sound_type = forest
		
		movement_cost = 1.25
		defence = 1
		supply_limit = 4
		local_development_cost = 0.2
		nation_designer_cost_multiplier = 0.9
		
		terrain_override = { 
			2 4 8 9 11 18 29 30 31 315 4123 4124 # Sweden
			309 1955 #Russia
						
			1054 1046 10
			1026 4187 #Japan
			312 #Eastern Europe
			#SuperStates
			947 964 970 971 972 973 975 1246 1805 2003 2004 2005 2006 2007 2008 2021
			2022 2495 2548 2550 2560 2574 2576 2577 2593 2606 2607 2608 2618 2619 2621
			2624 2625 2627 2628 2632 2646 2647 2648 2649 2650 2652 2667 2671 2672
			2737 3018 3032 3033 3040 3042 3046 3055 3056 3059 3062 3063 3069 3070 3071
			3073 3074 3076 3088 3100 3103 3104 3147 3161 3184 3208 3210 3211 3212 3214
			3215 3229 3243 3286
		}                                      
	}
	
	hills = {
		color = { 113 176 151 }

		type = hills
		sound_type = mountains

		movement_cost = 1.40
		defence = 1
		local_defensiveness = 0.1
		local_development_cost = 0.25
		nation_designer_cost_multiplier = 0.85
		supply_limit = 5
		
		terrain_override = {
			508 509 511 515 525 527 529 530 531 538 545 550 554 557 559 740 1947 1949 2027 2030 2032 2036 
			2037 2040 2043 2056 2058 2069 2070 2071 2080 2089 2090 2092 2097
			
			105 106 107 111 1774 1844 1746 
			
			1827 63
			
			837 839 841 
			2640 2653 2660
			
			1117 1121
			
			1016 2373 1022 1823 604 609 615 611 2382 608 2379 
			2299 318
			
			193 201 102 198 176 196 203 325
			101
			140 1828
			123 1934 116 119 1848
			
			669 670 681 686 1824 1829 1833 1840
			2146 2147 2152 2153 2158 2171 2173 2174 
			652 657 658 2697 2698 2701 
			
			2965 2976 2977 2978 2983 2984 2991 3002
			242 4366 #British Isles
			250 251 4361 4362 4363 #Scotland
			1792 4023 #Madagascar
			4046 4050 4063 4066 4068 4069 4070 4072 4098 4102 #Central Africa
			156 1951 #Carpathians
			4144 4145 4164 #Scandinavia
			232 #Iberia
			733 2694 2742 2744 4229 4231 #Korea
			1018 1025 1029 1820 1830 1832 1843 1852 4180 4183 4185 4188 4191 4192 #Japan
			4239 #Balkans
			1856 4311 4312 4315 #Caucasus & Anatolia
			#SuperStates
			488 489 854 856 857 858 867 874 883 884 885 893 901 902 906 922 939 946 956
			2517 2518 2523 2532 2538 2539 2540 2541 2584 2586 2587 2589 2594 2595 2599 2602
			2603 2604 2605 2634 2641 2656 2668 2736 2738 3011 3027 3028 3029 3078 3079 3085
			3117 3118 3125 3131 3146 3149 3150 3154 3156 3180 3197 3245 3246 3253 3284 4586
			4939 4641 4869 4848 4935 4936 4866
			3366 3368 3369 3370 3371 2720 3371
		}
	}

	
	woods = {
		color = { 41 155 22 }

		type = forest
		sound_type = forest

		movement_cost = 1.10
		defence = 1
		local_development_cost = 0.15
		nation_designer_cost_multiplier = 0.9
		supply_limit = 6
		
		terrain_override = {
			206 1851 # Spain
			374 375 376 4118 4119 4120 4121 #Ireland
			129 4755 4757 4703 # Balkans
			62 58
			1826 130
			4148 #Russia
			
			1765
			
			141			
			2750
			
			1937 269
			
			99 95
			1834 37 273 271 272 770 275 771 311 1960 274 34 310 1752 1959 
			
			40 41 1938 256 261 2424 316 317 175 173 174 194 195 190 178 184 187 
			181 1866 94 93 188 189 1880 72 69 1761 66 63 80 1760 83 81 1762 1742 1878 85 84 86
			56 1758 82 
			53 1857 46 52 51 50 1759 47 48 49 1763 60 61 59 
			57 38 296 297 1945 298 239 372 247 1863 3 2 1985 2749 1753 307 1956 1754 
			2423 306 1957 1083 1079 1972 2427 1074 2428 2433 2429 1068 1064 480 1065 
			2432 2443 1062 1063 1060 2442 2435 1056 2446 
			276 2304 4176
		 
			767
			
			727 731 1033 1049 1050 1053 2102 2106
			2964 2969 2970 2971 2972 2973 2974 2975 2993 2995 2996 2997 3000 4112 4115 4116 4117
			1982 4165 4166 #Scandinavia
			1014 1027 1819 1835 4181 4182 4184 4186 4189 #Japan
			4127 4241 4242 4243 4251 4252 4253 4254 4260 4266 #Eastern Europe
			240 244 4372 4377 4378 4379 4380 #Britain
			4381 4387 4389 #France & Low Countries
			4541 4537 4535 2963 4544 4543 4524 # New PLC provinces
			4555 4558 # new iberia provinces 1.28
			# 1.29 Manchu
			4658 4659 4660 4654 4663
			4697 # France 1.30
			4713 4716 4717 4747 4749 4748 4741 4742 4743 4772 4773 4774 4775 4746 #Germany
			128 1769 4751 #Austria
			4766 4767 4768 4770 4786
			#SuperStates
			851 862 878 1092 1093 1107 1806 1807 1810 1811 1814 2012 2015 2020 2488
			2502 2509 2510 2514 2515 2520 2521 2529 2537 2572 2588 3012 3037 3066 3067 3068
			3075 3105 3106 3152 3176 3213 3217 3218 3219 3262 3280 3290 3301 3304 3318 4643 3388
		}
	}
	
	mountain = {
		color = { 105 24 4 }

		type = mountains
		sound_type = mountains

		movement_cost = 1.5
		defence = 2
		local_defensiveness = 0.25
		local_development_cost = 0.35
		nation_designer_cost_multiplier = 0.75
		supply_limit = 4
		
		terrain_override = {
			210	226 # Spain
			139 1831 143 138 4175  #Balkans
			158 1952 #Hungary
			4236 #Slovakia
			#North America
			2154 2155 #East Asia
			808 814 2825 #South America
			452 2073 #Tibet
			1078
			4198 4201 4205 4206 4210 4214 4215 4216 4217 4211 4222 #Greater China
			
			1787 1788
			
			120
			783 794 802 824 2493 2494 2495 2813 2817 2824 2826 2871
			2874 2395 2396 583 587 2505 2877 2873
			1180
			
			2371 2381 330 
			785 
			204 199 
			1853 144
			124
			2305 331 2306 
			
			2327 380 383

			680 689 693 694 697 702 2136 2169 2177 2178 2179 2180 2181 
			716 718 719 1066 2117 2189 2190 739 2125 2127 
			565 676 677 2074 2128 2129 2130
			
			2103 1048 2104 2105 729 2186 1850 2107 2108 2111 2112 222 223
			732 734 2743 4232 #Korea
			4131 #Japan
			1273 #Mount Kilimanjaro
			4128 #Carpathians
			20 22 #Norway
			422 2201 2198 4301 4306 #Caucasus
			384 385 386 390 2332 2345 4280 4281 4282 #Hejaz Range
			435 436 #Khorasan
			4348
			4404 # Burma
			4514 4515 4516 4517 4518 4519 4520 4521 #tibet
			4546 # new provinces 1.28
			829 
			4601 4602 #new provinces 1.28 mesoamerica
			# 1.29 Manchuria
			4653 4655 4656 4680 4679
			# 1.30
			4750 4754
			#SuperStates
			855 859 866 868 869 879 890 891 892 894 895 896 898 909 918 923 940 955
			980 981 989 992 1109 2633 2639 2733 2734 3039 3041 3077 3137 3153
			3260 3300 
		}
	}

	impassable_mountains = {
		color = { 128 128 128 }

		sound_type = desert

		movement_cost = 8.0
		defence = 6
		local_development_cost = 10		
	}

	grasslands = {
		color = { 90 235 27 }

		type = plains
		sound_type = plains

		movement_cost = 1.0
		supply_limit = 8
		allowed_num_of_buildings = 1
		nation_designer_cost_multiplier = 1
		
		terrain_override = {
			213 218 219 #Spain
			526 #India
			417 4341 #Iran
			593 2376 2391 2394  #Sout East Asia
			
			136 4174  # Balkans	

			373 # Ireland			
					
			149 1747 229
			1943 1942 131
			
			516 517 539 543 552 549 562 572 1948 2046 2055 2057 2059 2061 2062 2081 
			2082 2084 2094 2101
			
			114
			
			772 773 778 2848
			2851 2852 
			328
			2399 2390 
			2405 1953 155
			1177 2850
			
			71 79 96
			1859
			1967
			2296 318
			1170 2949 798 2948
			
			703 704 726 730 2110 2113
			42 457 458
			4150 #Iberia
			1017 1012 1019 1023 1024 1818 1825 1837 1839 1847 4359 4360 #Japan
			737 1013 1845 4227 4230 #Korea
			4394 # Burma
			1858 4760 #Germany
			
			4795 # Mandala
			
			#SuperStates
			861 900 911 912 982 983 984 985 1010 1106 2499 2506 2626 3086 3087 3089
			3092 3093 3094 3098 3119 3120 3168 3192 3200 3240 3251 3263 3264 3268
			3274 3275 3281 3282 3283 3285 3323 4620 4621 4622 4623 4624 4631 4640
			4642 3319 
		}
	}

	jungle = {
		color = { 98 163 18 }

		type = jungle
		sound_type = jungle

		movement_cost = 1.5
		defence = 1
		local_development_cost = 0.35
		nation_designer_cost_multiplier = 0.8
		supply_limit = 5
		
		terrain_override = {
			1237 1245 2703 #South East Asia
			746 838 #South America
			 553 564 566 567 568 570 571 573 1950 2042
			 2091 2096
			2039
			743 745 748 826 835 840 2637 2664 2819 2927
			
			582 2397 2398 579 2402 1815 590 2403 2400 589 602 1817 2389 2388 592 591 2404 843
			789 1151 1181 1182 1183 2952
			
			616 2372 610 2377
			756 759 757 765 2894 2896 2914 2929 
			1125 1138 1139 1162 1249
			1118
			
			660 663 664 666 2160 2161 2162 2164 2166
			546 547 551 560 1946 2034 2038 2048 2049 2098 4431 4432 4433 4448 4450 4451 4468 4470 4471 4472 4478 #Central India
			534 535 537 2028 2029 2050 4410 4412 4413 4438 4439 4444 #South India
			2099 2100 4407 4408 4409 #Ceylon
			4021 4024 4025 4026 #Madagascar
			4090 4105 4109 #Central Africa
			
			4804 4799 2709 4817 # Mandala
			
			#SuperStates
			490 844 845 846 848 849 850 852 853 2655 2658 2659 3185 3221 3222 3223 3224 3225 4606 3354 3357 3382 3381 3375 3374
		}
	}
	
	marsh = {
		color = { 13 189 130 }

		type = marsh
		sound_type = forest

		movement_cost = 1.3
		defence = 1
		local_development_cost = 0.25
		nation_designer_cost_multiplier = 0.85
		supply_limit = 5

		terrain_override = {
			1860 #England
			96 #Netherlands
			4738 #Aquilea
			2857 2890 #South America
			749 758 775 777
			1217 2259 2261 2286 2287 2759
			277 4141
			4386 #France
			1031 #Japan
			408 2311 4288 4290 #Middle East
			462 #Caucasus
			362 #Egypt
			2702 #Philippines
			4706 # 1.30 Greece and Bulgaria
			#SuperStates
			847 2487 2489 2490 2491 2508 2542 2543 2544 2545 2592 3020 3021 3023 3080 3162 3265 3271 3292 3101
			3372
		}
	}
	
	desert = {
		color = { 242 242 111 }

		type = desert
		sound_type = desert

		movement_cost = 1.05
		supply_limit = 4
		local_development_cost = 0.50
		nation_designer_cost_multiplier = 0.8
		
		terrain_override = {
			503 2078 2088 #India
			
			4204 4207 4208 4221 4223 #Greater China
			
			512 513 514 2064 2066 2086
			2844
			350 355 1115 2244 2271 2272 2767 2773
			1176
			1231
			715 2119 2120 710 711 712 2121 2123 2191 2192 706 707 708 698 701 709 720 2193 2747 
			#SuperStates
			913 924 925 926 928 929 936 937 938 949 958 959 963 1085 1086 1091 1094 2009 2016
			2484 3174 3178 3179 3190 3191 3205 3206 3238 3248 3252 3254 3279 4572 4573
		}
	}
	
	coastal_desert = {
		color = { 255 211 110 }

		type = desert
		sound_type = desert

		movement_cost = 1.0
		local_development_cost = 0.35
		nation_designer_cost_multiplier = 0.9		
		supply_limit = 4

		terrain_override = {
			792 793 796 805 806 2821 2822 2840 2841
			2324
			1212 1215 1230 1232 2315 2320 2321 2765 2786 2788 2789
			1174 #Angra Pequena 
			1206 1209 2024 2790 2793
			782 
			389 394 395 396 397 398 399 400 401 402 1099 2329 2331 2333 2340 2341 2342 2347 4269 4278 4283 4284 #Arabia
			4286
			#SuperStates
			931 932 933 935 3047 3048 #Baja California Peninsula
		}	
	}
	
	coastline = {
		color = { 49 175 191 }

		sound_type = sea

		movement_cost = 1.0
		local_development_cost = 0.15
		nation_designer_cost_multiplier = 0.85		
		supply_limit = 6 
		
		terrain_override = {
					
			112
			788 1186 1192 1195 1196 1197 1198 1199 1200 1202 1203 1204 2796  
			
			368 1098 1095 1103 1102 1100 1101 2679 2678 
			647 634 645 2741 1994 1992 1986 1242 1989 1988
			
			333 3003 4049
			233 253 4364 4365 #Britain
			653 655 656 2699 2700 654 4349 4350 4351 4352 4353 4354 4355 4356 #Philippines
			642 643 644 648 649 650 2713 2714 2716 2717 2718 2725 #Moluccas & Sulawesi
			1015 4193 #Japan
			387 4279 #Tihama al yemen
			
			4815 # Mandala

			#SuperStates
			481 482 483 491 493 494 495 496 497 498 499 500 501 502 968 969 974 1235 1240 1881 1993
			1995 1996 1998 1999 2023 2601 2617 2726 2727 2728 3013 3014 3015 3016 3017 3030 3031
			3049 3050 3051 3129 3216 3226 3227 3228 3329 3234 3235 3255 3277 3278 3291 3302 3303
			3315 3316 3317 3326 3327 3330 3328 3331 3332 4574 4575 4576 4577 4578 4579 4580 4581
			4582 4583 4584 4585 4588 4590 4591 4598 4625 4626 4627 4628 4629 4635 4636 4637 4638
			4639 4644 4645 4646 4648 3347 3346 3345 3348 3352 4902 4897 4898
			3362 1236 3383 4895 4890 4883 4900 3333 3335 1243 3336
		}
	}	
	
	drylands = {
		color = { 232 172 102 }		

		type = plains
		sound_type = plains

		movement_cost = 1.00
		local_development_cost = 0.05
		nation_designer_cost_multiplier = 0.95
		supply_limit = 7
		allowed_num_of_buildings = 1

		terrain_override = {
			1749 224
			221 1750 220 214 
			1748 2754
			225
			2297 327 2313 411 2199 2208 464 4314 2300 4308 4309 #Turkey and Caucasus
			420 421 425 2203 2307 4307 #Caucasus
			428  454 442 441 1973 444 446 450 453 2213 2214 2215 2227 2228 4343 4337 #Iran, Transoxiana & Balkh
			504 505 519 528 541 569 2031 2051 2052 2053 2054 2065 2067 2072
			 2999
			751 752 753 790 799 2498 2842 2854 2865 
			2868 2878 2883 2885 2915 2917 2922 
			750 2863
			1178 2764 2768 2797 2798 2801 2864
			754 755 786 2492 2846 2861 2912 2913 2921 
			1172 2682 2503 2068
			
			322
			2308 407 337 1849 2309 377
			2356 2364
			
			699 713 2122 2124 2182 2184 2302
			2317 2319 4318 4320 #Egypt
			4209 #Greater China
			334 338 341 342 345 1110 2453 2455 2461 2466 2469 2473 #Maghreb
			379 381 382 406 412 430 431 1854 1855 2219 2314 4292 4297 4298 #Levant
			1222 4040 #Central Africa
			4411 4421 4435 4437 4454 4455 4456 4463 4503 4504 4505 4509 #India
			4549 4562 4563 4564 4547 4557# new provinces 1.28
			4628 # new provinces Mesoamerica 1.28
			
			#SuperStates
			882 907 908 910 914 915 916 920 927 930 942 943 944 948 950 951 954 957 962 966 967
			1087 1090 1791 2010 2013 2014 2481 2486 3136 3169 3170 3171 3172 3173 3186 3188 3194 3195
			3201 3202 3203 3207 3236 3237 3239 3287 3289 3295 3298 3299 4570 4571 4630 934 4847 4875 4864 952
			877 921 919
		}
	}

	highlands = {
		color = { 176 129 21 }

		type = hills
		sound_type = mountains
		
		supply_limit = 6
		movement_cost = 1.40
		defence = 1
		local_defensiveness = 0.1
		local_development_cost = 0.2
		nation_designer_cost_multiplier = 0.9	

		terrain_override = {
			520 536 542 544 578 2035 2077 2079 2085 2087 2093 
			588 2401 2301 324 1224 
			2496 2501
			335 336 339 340 346 348 349 351 1171 1184 1185 1188 1207 1208 1211 1218 1219 1227 1751 1882 2274 2454 2458 2459 2462 2463 
			2464 2465 2756 2757 2758 2762 2763 2766 2770 2771 2772 2778 2779 2781 2787 2792 2950 2951
			326 329 332 418 1846 
			2303
			2504 	 
			252 784 2946 823
			1773 127 1247
			1766
			319 2298 
			371 163 321
			661 662 673 674 675 678 705
			2131 2132 2133 2134 2135 2165 2167 2168 2170 2748 2183 
			3001 4176 #Balkans
			4199 #Greater China
			145 365 378 2209 2235 2313 4293 4294 4295 4298 4313 #Middle East
			460 1968 #Central Asia
			4027 4029 4030 #Madagascar
			798 4053 4055 4056 4057 4059 4067 4073 4077 4084 4100 4101 4103 #Africa
			4110 #Scotland
			23 24 370 2752 #Norway
			154 162 263 1318 2960 2968 2970 4238 #Central Europe
			216 228 2755 2989 #Iberia
			323 2202 4299 4305 #Anatolia and Caucasus
			736 1047 4228  #Korea & Manchuria
			2986 4391 #Italy & France
			4406 4398 # Burma
			4422 4436 4464 #Central India
			4561 4566 4553 # new provinces 1.28
			4669 4701 4699 4780 # 1.30 Greece and Bulgaria
			#SuperStates
			864 865 870 872 873 875 876 880 881 886 887 888 889 897 899 978 979
			4641 2638 3035 3036 4647 4650
		}
	}

	savannah = {
		color = { 248 199 23  }

		sound_type = plains
		type = plains

		supply_limit = 6
		movement_cost = 1.00
		local_development_cost = 0.15
		nation_designer_cost_multiplier = 0.95	
		
		terrain_override = {
			768 776 1800 2805 2809 2810 2812 2814 2815 2855 2859 2879 2884 2887 
			2893 2895 2897 2908 2909 2910 2918 2923 2925 2926 2939 

			1113 1116 1123 1131 1134 1135 1140 1142 1148 1146 1149 1144 1155 1159 2237 2239 2245 2250 2263 2265 2270 2278 
			2279 2280 2283 2291 
			
			607 2374 606 605 2378 614 2386 603 612
			897 932
			2853 2888 2891 2892 2906 2907 2911 2919 2920 
			
			1114 1120 1122 1124 1136 1137 1143 1145 1150 1152 1154 1160 1161
			2238 2240 2241 2248 2249 2252 2254 2253 2256 2267 2281 2285 2292 2293 2295
			1167 1168 1190 1191 1193 1194 2774 2775 2794
			1153 2266 2886 2924 1187 1189
			1925 #Kenya
			4022 4028 4031 4032 #Madagascar
			2948 4034 4035 4036 4037 4038 4039 4041 4042 4043 4044 4045 4047 4048 4058 4061 4062 4064 4065 4071 4074 4075 4076 4082 4083 4091
			4092 4093 4094 4095 4096 4097 4099 4104 4105 4106 4107 4108 #Central Africa
			4836 2383 4829
			
			#SuperStates Mod
			484 485 486 487 492 905 2654 3019 3024 3081 3082 3177 3182 3183 3189
			3204 3220 3266 3267 3269 3270 3273 3297 3314 4618 4619 			
		}		
	}
	
	steppe = {
		color = { 147 200 83  }

		type = plains
		sound_type = plains

		movement_cost = 1.00
		local_development_cost = 0.20
		nation_designer_cost_multiplier = 0.9	
		supply_limit = 6
		
		terrain_override = {
			2195 463 2197 2417 466 2367 470 472 2353 2369 2358 476 2354 479 2357 1966 2420

			284 1974 2412 2413 286 2414 287 2447 283 2406 282 1756 
			
			301 300 1778 304 303 2415 302 2408 299 2409 285 291 2411 467 
			1081 473 2421 1971 288 468 2418 2419 474 2366 1965 1082 475 2441 2359
			2360 478 2355 2422
			
			2416
			1057 
			
			2434 1076 1075 1071 
			4033
			
			1226 2500
			
			774 1132 1133 1156 1157 1158 1205 1216 1221 1225 2243 2246 2260 2262 2264 2268 2269 2273 2276 2282 2284 2288 2776 2777 2799 2780 2784 2783 2785 2795 
			2800 2802 2932
			
			779 780 781 2497 2860 2866 2869 2870 2875 2876
			833 1175 1179
			2880 
			4255 4264 4265 4267 # Russia
			
			459 461 714 2118 2126 2368 
			717 721 722 723 724 725 728 1058 2109 2114 2115 2116 2185 2187 2188
			
			4200 4202 4203 4218 4219 4220 #Greater China
			# 1.29
			4664 4665 4674 4666 4667 4673 4675 4672 4671 4668 4683
			#SuperStates
			986 987 988 990 994 997 998 1001 1004 1005 1008 1009 2482
			2483 3097 3133 3143 3159 3160 3257 3258 3259 3256 4859
		}	
	}	
}
	
##################################################################
### Graphical terrain
###		type	=	refers to the terrain defined above, "terrain category"'s 
### 	color 	= 	index in bitmap color table (see terrain.bmp)
###

terrain = {
	grasslands			= { type = grasslands		color = { 	0	 } }
	hills				= { type = hills			color = { 	1	 } }
	desert_mountain		= { type = mountain			color = { 	2	 } }
	desert				= { type = desert			color = { 	3	 } }

	plains				= { type = grasslands		color = { 	4	 } }
	terrain_5			= { type = grasslands		color = { 	5	 } }
	mountain			= { type = mountain			color = { 	6	 } }
	desert_mountain_low	= { type = desert			color = { 	7	 } }

	terrain_8			= { type = hills			color = { 	8	 } }
	marsh				= { type = marsh			color = { 	9	 } }
	terrain_10			= { type = farmlands		color = { 	10	 } }
	terrain_11			= { type = farmlands		color = { 	11	 } }

	forest_12			= { type = forest			color = { 	12	 } }
	forest_13			= { type = forest			color = { 	13	 } }
	forest_14			= { type = forest			color = { 	14	 } }
	ocean				= { type = ocean			color = { 	15	 } }

	snow				= { type = mountain 		color = { 	16	 } } # (SPECIAL CASE) Used to identify permanent snow
	inland_ocean_17 	= { type = inland_ocean		color = {	17	 } }

	coastal_desert_18	= { type = coastal_desert	color = { 	19	 } }
	coastline			= { type = coastline		color = { 	35	 } }
	
	savannah			= { type = savannah 		color = {	20	 } }
	drylands			= { type = drylands			color = {	22	 } }
	highlands			= { type = highlands		color = {	23	 } }
	dry_highlands		= { type = highlands		color = {	24	 } }
	
	woods				= { type = woods			color = { 	255	 } }
	jungle				= { type = jungle			color = { 	254	 } }
	
	terrain_21			= { type = farmlands		color = { 	21	 } }	
}

##################################################################
### Tree terrain
###		terrain	=	refers to the terrain tag defined above
### 	color 	= 	index in bitmap color table (see tree.bmp)
###

tree = {
	forest				= { terrain = forest 			color = { 	3 4 6 7 19 20	} }
	woods				= { terrain = woods 			color = { 	2 5 8 18	} }
	jungle				= { terrain = jungle 			color = { 	13 14 15	} }
	palms				= { terrain = desert 			color = { 	12	} }
	savana				= { terrain = grasslands 		color = { 	27 28 29 30	} }
}