african_great_lakes={
	location=4064
	color={
		57 168 220 
	}
	inland=yes
	outgoing={
		name="zanzibar"
		path={
			1273 1202 
		}
		control={
			3351.000000 607.000000 3388.000000 610.000000 3416.000000 580.000000 
		}
	}
	outgoing={
		name="kongo"
		path={
			4063 4070 4099 
		}
		control={
			3299.000000 628.000000 3287.000000 595.000000 3270.000000 574.000000 3260.000000 559.000000 3231.000000 537.000000 
		}
	}
	members={
		1273 1649 1798 1799 1925 4053 4054 4055 4056 4057 4058 4059 4060 4061 4062 4063 4064 4065 4066 4067 4068 4069 4070 4071 4072 4073 4074 4075 4076 4077 
	}
}
kongo={
	location=4097
	color={
		171 148 148 
	}
	inland=yes
	outgoing={
		name="ivory_coast"
		path={
			1170 1464 
		}
		control={
			3169.000000 587.000000 3115.000000 585.000000 3050.000000 593.000000 3007.000000 566.000000 2939.000000 618.000000 2930.000000 701.000000 
		}
	}
	outgoing={
		name="zambezi"
		path={
			4046 1191 1187 
		}
		control={
			3191.000000 456.000000 3231.000000 424.000000 3273.000000 399.000000 3319.139893 402.510010 
		}
	}
	members={
		798 1169 1170 1901 2948 2949 4081 4082 4083 4084 4085 4086 4087 4088 4089 4090 4091 4092 4093 4094 4095 4096 4107 4098 4100 4101 4102 4103 4097 4099 4105 4109 
	}
}
zambezi={
	location=1191
	color={
		32 164 51 
	}
	inland=yes
	outgoing={
		name="zanzibar"
		path={
			1192 1195 1196 
		}
		control={
			3369.000000 358.000000 3436.000000 414.000000 3412.000000 515.000000 
		}
	}
	members={
		1184 1185 1187 1188 1189 1190 1191 2950 2951 2952 4034 4035 4036 4037 4038 4039 4040 4041 4042 4043 4044 4045 4046 4047 4048 4050 4104 4106 4108 
	}
}
patagonia={
	location=2868
	outgoing={
		name="laplata"
		path={
			1537 1536 
		}
		control={
			1840.000000 159.000000 1912.000000 221.000000 
		}
	}
	members={
		2868 2876 2869 786 2873 2874 780 781 782 783 2870 2875 2863 784 787 2862 785 2867 2871 2872 
	}
}
amazonas_node={
	location=2935
	outgoing={
		name="brazil"
		path={
			1529 1530 1531 
		}
		control={
			2087.000000 866.000000 2168.000000 834.000000 
		}
	}
	outgoing={
		name="lesser_antilles_node"
		path={
			1529 1528 1527 1522 3313 
		}
		control={
			2072.000000 888.000000 2013.000000 940.000000 1945.000000 985.000000 1864.000000 1039.000000 1824.000000 1065.000000 
		}
	}
	outgoing={
		name="panama"
		path={
			1529 1528 1527 1522 1520 1519 1517 1515 835 
		}
		control={
			2072.000000 888.000000 2013.000000 940.000000 1945.000000 985.000000 1864.000000 1039.000000 1803.000000 1064.000000 1720.000000 1080.000000 1646.000000 1078.000000 1586.000000 1044.000000 
		}
	}
	members={
		1802 1803 2909 2910 2911 2929 2930 2931 2933 2934 2935 2889 2937 2938 2804 2811 742 744 747 748 749 2890 2923 2924 2926 2927 2928 745 746 2936 743 2803 752 2886 2925 4617 
	}
}
siberia={
	location=1064
	inland=yes
	outgoing={
		name="kazan"
		path={
			1064 1062 480 479 472 475 1082 
		}
		control={
			4084.209961 1695.109985 3879.000000 1758.000000 3732.000000 1640.000000 3702.000000 1655.000000 3654.000000 1634.000000 
		}
	}
	outgoing={
		name="samarkand"
		path={
			480 478 477 1969 457 454 
		}
		control={
			4161.000000 1597.000000 4058.000000 1443.000000 3976.000000 1372.000000 3892.000000 1348.000000 
		}
	}
	members={
		1782 1781 1071 479 1054 1059 1061 1062 1063 1064 1067 1068 1070 480 1069 1073 1074 1080 1078 1075 1076 2357 2369 2427 2428 2429 2430 2431 2432 2433 2434 2436 2437 2442 2443 2445 1072 1780 1045 2435 1051 2441 2354 716 1065 1066 1060 4679 4686 4687 4688 4689 4690 4691 4692 
	}
}
girin={
	location=730
	color={
		41 82 45 
	}
	outgoing={
		name="beijing"
		path={
			2110 726 704 1816 
		}
		control={
			4752.000000 1386.000000 4719.000000 1397.000000 4671.000000 1368.000000 
		}
	}
	outgoing={
		name="nippon"
		path={
			732 1377 1376 
		}
		control={
			4805.000000 1332.000000 4833.000000 1296.000000 4845.000000 1259.000000 
		}
	}
	outgoing={
		name="alaska_node"
		path={
			732 1377 1376 
		}
		control={
			4784.000000 1370.000000 4798.000000 1362.000000 4803.000000 1353.000000 4807.000000 1343.000000 4809.000000 1332.000000 4830.000000 1315.000000 4917.000000 1351.000000 4990.000000 1415.000000 5053.000000 1428.000000 5126.000000 1437.000000 5234.000000 1473.000000 5287.000000 1540.000000 5394.000000 1637.000000 5486.000000 1702.000000 5592.000000 1752.000000 5742.220215 1769.030029 5931.560059 1817.890015 426.000000 1869.000000 449.000000 1909.000000 426.000000 1943.000000 437.000000 1973.000000 
		}
	}
	members={
		1850 1049 2107 2108 2111 2106 2186 1058 2102 2104 1053 2103 1034 1035 1036 1037 1038 1039 1040 1041 1042 1043 1044 1046 1047 1052 1783 2438 2439 2440 2446 1055 1056 1057 730 2110 2188 4201 1033 1048 1050 4214 4216 729 731 2105 4215 4217 722 2109 2187 4202 4203 724 725 4218 727 728 2185 4200 4654 4655 4656 4657 4658 4659 4660 4661 4662 4653 4663 4664 4665 4674 4675 4672 2115 2670 
	}
}
lhasa={
	location=677
	inland=yes
	outgoing={
		name="lahore"
		path={
			2129 2128 2074 508 
		}
		control={
			4149.000000 1199.000000 4046.000000 1217.000000 
		}
	}
	outgoing={
		name="chengdu"
		path={
			2132 2167 675 679 
		}
		control={
			4286.000000 1196.000000 4365.000000 1197.000000 4427.310059 1151.910034 
		}
	}
	outgoing={
		name="ganges_delta"
		path={
			562 4479 
		}
		control={
			4201.000000 1131.000000 4206.000000 1106.000000 4187.000000 1090.000000 4205.000000 1073.000000 4203.000000 1058.000000 4210.000000 1047.000000 4207.000000 1038.000000 4221.000000 1026.000000 4234.000000 1003.000000 
		}
	}
	members={
		2129 2128 676 705 706 2134 4204 677 2130 4205 565 4481 4482 557 2070 2071 4483 4485 4514 4515 4516 4517 4518 4519 4520 
	}
}
chengdu={
	location=679
	inland=yes
	outgoing={
		name="canton"
		path={
			680 673 2163 2165 665 667 1371 
		}
		control={
			4506.000000 1143.000000 4513.000000 1093.000000 4498.000000 1039.000000 4528.000000 1030.000000 4568.000000 1025.000000 4580.000000 1023.000000 
		}
	}
	outgoing={
		name="xian"
		path={
			2169 689 700 
		}
		control={
			4474.000000 1173.000000 4519.000000 1194.000000 
		}
	}
	outgoing={
		name="burma"
		path={
			675 2167 2166 583 2400 
		}
		control={
			4416.000000 1100.000000 4374.000000 1058.000000 4303.000000 1027.000000 
		}
	}
	members={
		2132 2167 678 2135 2131 2133 660 661 2165 2166 679 680 4212 2169 2170 4211 675 2168 2748 4213 
	}
}
canton={
	location=1371
	outgoing={
		name="malacca"
		path={
			1394 1367 1362 1361 
		}
		control={
			4611.000000 901.000000 4555.000000 789.000000 4459.000000 737.000000 4475.000000 665.000000 
		}
	}
	outgoing={
		name="hangzhou"
		path={
			1372 1824 684 
		}
		control={
			4640.000000 1012.000000 4686.000000 1065.000000 4720.000000 1127.000000 
		}
	}
	outgoing={
		name="philippines"
		path={
			1394 1397 
		}
		control={
			4644.000000 947.000000 4672.000000 874.000000 4704.000000 866.000000 4711.000000 876.000000 4727.000000 885.000000 
		}
	}
	outgoing={
		name="gulf_of_siam"
		path={
			1370 1369 1366 1364 1365 
		}
		control={
			4587.000000 968.000000 4547.000000 938.000000 4541.000000 874.000000 4511.000000 811.000000 4416.000000 771.000000 
		}
	}
	members={
		2161 1371 610 613 616 664 665 666 667 668 672 738 1016 1840 2154 2155 2156 2157 2158 2159 2160 2162 2163 2164 2173 2174 2372 671 2373 662 663 673 674 4199 4820 4819 4821 
	}
}
nippon={
	location=1376
	outgoing={
		name="hangzhou"
		path={
			1389 1373 684 
		}
		control={
			4801.000000 1197.000000 4760.000000 1154.000000 
		}
	}
	outgoing={
		name="pacific_island_node"
		path={
			1390 1437 1438 1674 1673 1698 1675 1692 
		}
		control={
			4862.000000 1205.000000 4903.000000 1163.000000 5018.000000 1072.000000 5202.000000 999.000000 113.000000 997.000000 
		}
	}
	members={
		1376 1012 1014 1017 1018 1019 1020 1021 1023 1024 1025 1026 1027 1028 1029 1030 1031 1032 1818 1819 1820 1825 1830 1832 1835 1837 1839 1843 1847 1852 4131 4180 4181 4182 4183 4184 4185 4186 4187 4188 4189 4190 4191 4192 4193 1015 4359 4360 4651 1845 2744 4232 732 2742 2743 733 735 4230 4231 734 736 2694 2745 4227 737 1013 2741 4228 4229 
	}
}
hangzhou={
	location=684
	outgoing={
		name="xian"
		path={
			686 687 1836 700 
		}
		control={
			4684.000000 1156.000000 4652.000000 1177.000000 4599.000000 1195.000000 4573.000000 1192.000000 4537.000000 1199.000000 
		}
	}
	outgoing={
		name="beijing"
		path={
			684 1373 1374 1375 
		}
		control={
			4731.000000 1164.000000 4743.000000 1243.000000 4715.000000 1289.000000 4689.000000 1298.000000 
		}
	}
	outgoing={
		name="malacca"
		path={
			1373 1392 1393 1395 1368 1360 1361 
		}
		control={
			4735.000000 1133.000000 4783.000000 1092.000000 4723.000000 1053.000000 4669.000000 934.000000 4651.000000 849.000000 4583.000000 774.000000 4518.000000 688.000000 4471.000000 646.000000 
		}
	}
	members={
		669 670 683 684 685 686 1821 1822 1824 1829 1833 1838 1897 2143 2144 2145 2146 2147 2148 2149 2150 2151 2152 2153 2141 2142 4196 
	}
}
xian={
	location=700
	inland=yes
	outgoing={
		name="beijing"
		path={
			1836 692 2137 2140 691 2138 1375 1816 
		}
		control={
			4532.000000 1227.000000 4550.000000 1235.000000 4592.540039 1233.510010 4622.000000 1257.000000 4638.000000 1267.000000 4660.000000 1280.000000 4671.000000 1300.000000 
		}
	}
	outgoing={
		name="yumen"
		path={
			689 698 706 707 
		}
		control={
			4503.000000 1223.000000 4476.000000 1256.000000 4436.000000 1282.000000 
		}
	}
	members={
		687 1836 2181 2180 698 699 688 692 2183 2175 2176 681 682 2171 2172 4197 689 700 2179 4198 701 709 2191 4223 4676 
	}
}
beijing={
	location=4233
	outgoing={
		name="yumen"
		path={
			695 696 697 701 709 707 
		}
		control={
			4642.000000 1325.000000 4583.000000 1333.000000 4520.000000 1311.000000 4429.000000 1321.000000 
		}
	}
	members={
		690 691 702 2138 2139 2140 2114 2747 703 1816 2136 4194 695 696 2137 4195 704 726 2112 2113 693 694 697 2177 2178 4233 4652 4671 4670 
	}
}
philippines={
	location=1397
	outgoing={
		name="the_moluccas"
		path={
			1399 1357 
		}
		control={
			4744.000000 828.000000 4732.000000 794.000000 4694.000000 757.000000 4747.000000 732.000000 4773.000000 665.000000 4730.000000 612.000000 4750.479980 567.989990 
		}
	}
	outgoing={
		name="pacific_island_node"
		path={
			1402 1403 1673 1698 1675 1692 
		}
		control={
			4743.000000 829.000000 4756.000000 804.000000 4763.000000 805.000000 4767.000000 802.000000 4775.000000 810.000000 4792.930176 801.929993 4895.000000 761.000000 5028.000000 796.000000 5130.000000 802.000000 5253.000000 784.000000 5350.000000 790.000000 5422.000000 812.000000 5462.000000 858.000000 5584.000000 891.000000 74.000000 970.000000 251.000000 990.000000 
		}
	}
	members={
		1397 2701 2702 4355 652 653 4354 654 2700 4351 4352 4353 651 655 4356 657 658 2698 4348 656 2697 2699 4349 4350
	}
	ai_will_propagate_through_trade=yes
}
the_moluccas={
	location=1357
	outgoing={
		name="malacca"
		path={
			1358 1360 
		}
		control={
			4669.000000 535.000000 4548.000000 575.000000 4489.000000 622.000000 
		}
	}
	outgoing={
		name="perth_node"
		path={
			1357 1356 1420 1419 1418 1084 
		}
		control={
			4781.000000 550.000000 4873.000000 464.000000 4762.000000 436.000000 4681.000000 358.000000 4612.000000 323.000000 4629.000000 195.000000 
		}
	}
	members={
		646 2687 2688 2689 2690 2718 2724 1357 1245 647 645 2717 648 649 650 2725 2696 2695 635 633 634 643 2713 2714 642 2715 641 2716 632 627 2691 631 2693 629 2692 628 626 625 630 624 644 2723 2722 2721 1237 2720 2719 1789 4790 4791 4792 4793 4794 4795 4796 4797 4798 4845 
	}
	ai_will_propagate_through_trade=yes
}
gulf_of_siam={
	location=1365
	color={
		84 152 93 
	}
	outgoing={
		name="malacca"
		path={
			1364 1362 1361 
		}
		control={
			4403.000000 767.000000 4431.000000 709.000000 4446.000000 665.000000 
		}
	}
	members={
		592 600 601 602 603 604 605 606 609 607 608 611 612 614 615 1817 1823 1844 1022 2374 2375 2376 2377 2378 2379 2380 2381 2382 2383 2384 2385 2386 2387 2388 2389 591 2404 2371 1365 589 4822 4823 4824 4825 4826 4827 4828 4829 4830 4831 4832 4833 4834 4835 4836 4837 4838 4839 4840 4841 4842 
	}
}
malacca={
	location=1361
	outgoing={
		name="ganges_delta"
		path={
			1348 1347 1345 1344 1343 
		}
		control={
			4329.000000 740.000000 4311.000000 813.000000 4279.000000 878.000000 4242.000000 943.000000 
		}
	}
	outgoing={
		name="cape_of_good_hope"
		path={
			1352 1624 1623 1647 1630 1626 1459 
		}
		control={
			4470.000000 623.000000 4477.000000 580.000000 4429.000000 542.000000 4281.000000 536.000000 4159.000000 494.000000 3997.000000 488.000000 3821.000000 400.000000 3627.000000 201.000000 3483.000000 72.000000 3234.000000 10.000000 
		}
	}
	outgoing={
		name="perth_node"
		path={
			1360 1358 1355 1420 1419 1418 1084 
		}
		control={
			4471.000000 623.000000 4478.000000 580.000000 4437.000000 531.000000 4472.000000 501.000000 4532.000000 419.000000 4596.000000 311.000000 4632.000000 191.000000 
		}
	}
	members={
		593 594 595 596 597 598 599 617 618 619 620 621 622 623 636 637 638 639 640 659 1361 2390 2391 2392 2393 2394 2673 2674 2675 2676 2677 2678 2679 2680 2681 2682 2683 2684 2685 2686 2703 2704 2705 2706 2707 2708 2709 2710 2711 2712 2740 4799 4800 4801 4802 4803 4804 4805 4806 4809 4810 4811 4812 4813 4814 4815 4816 4817 4818 
	}
	ai_will_propagate_through_trade=yes
}
yumen={
	location=707
	inland=yes
	outgoing={
		name="samarkand"
		path={
			713 1786 739 1785 452 1967 454 
		}
		control={
			4257.000000 1318.000000 4131.000000 1298.000000 4047.000000 1300.000000 3994.000000 1290.000000 3932.000000 1308.000000 3893.000000 1304.000000 3863.000000 1312.000000 
		}
	}
	members={
		710 1786 707 708 711 714 719 1784 2118 2119 2123 2189 2190 2194 2182 2184 2122 4206 4207 717 721 2116 4219 4220 720 2193 4221 713 715 2120 4208 718 2117 4222 712 2121 2192 4673 4666 4667 723 4669 4668 4681 4683 4682 4678 4677 4680 4684 4693 
	}
}
burma={
	location=584
	color={
		35 229 76 
	}
	outgoing={
		name="ganges_delta"
		path={
			4396 1815 
		}
		control={
			4297.000000 951.000000 4306.000000 891.000000 4277.000000 895.000000 4254.000000 947.000000 
		}
	}
	outgoing={
		name="gulf_of_siam"
		path={
			4395 585 586 590 2403 4835 4834 600 4831 1365 
		}
		control={
			4310.000000 953.000000 4335.000000 902.000000 4351.000000 877.000000 4377.000000 878.000000 4383.000000 823.000000 
		}
	}
	members={
		570 573 2041 584 2399 581 2398 580 4393 2397 566 571 2040 2042 4440 4394 4396 585 4395 583 588 2400 4397 4406 587 2401 4398 582 2395 2396 4404 4405 567 2091 4473 1815 4399 586 590 2403 
	}
}
ganges_delta={
	location=1343
	outgoing={
		name="comorin_cape"
		path={
			1342 1341 1340 
		}
		control={
			4126.000000 928.000000 4037.000000 783.500000 
		}
	}
	outgoing={
		name="doab"
		path={
			1343 564 563 2044 558 2095 556 2063 
		}
		control={
			4184.000000 1014.000000 4186.000000 1026.000000 4182.000000 1038.000000 4187.000000 1046.000000 4178.000000 1059.000000 4162.000000 1064.000000 4151.000000 1062.000000 4130.000000 1065.000000 4106.000000 1059.000000 4076.000000 1067.000000 4056.000000 1086.000000 
		}
	}
	members={
		1343 553 2082 4447 4451 4452 547 2048 4445 4446 4448 561 2081 4476 4477 564 2039 4474 4475 4478 552 2038 2043 2049 4441 560 2096 4450 4470 4471 562 2045 2046 4486 563 2044 4479 568 579 2402 558 4469 4472 4489 2047 4484 4487 4488 
	}
}
doab={
	location=524
	color={
		236 162 19 
	}
	inland=yes
	outgoing={
		name="deccan"
		path={
			525 740 2057 
		}
		control={
			4014.000000 1082.000000 4030.000000 1062.000000 4018.000000 1024.000000 3998.000000 1002.000000 3987.000000 966.000000 
		}
	}
	outgoing={
		name="lahore"
		path={
			522 2062 4411 
		}
		control={
			4021.000000 1115.000000 4009.000000 1144.000000 3981.000000 1151.000000 
		}
	}
	members={
		522 2060 2062 2061 4498 4499 519 520 2064 4500 523 2094 4494 4495 4497 555 2055 2095 4490 524 556 2063 4496 525 528 740 4464 4465 559 2059 4459 4466 4467 2097 2098 4468 4491 4492 554 509 511 2069 4493 
	}
}
lahore={
	location=507
	color={
		63 150 30 
	}
	inland=yes
	outgoing={
		name="samarkand"
		path={
			578 451 450 453 454 
		}
		control={
			3924.000000 1220.000000 3877.000000 1222.000000 3866.000000 1243.000000 3831.000000 1274.000000 
		}
	}
	outgoing={
		name="persia"
		path={
			578 451 450 446 2221 2235 2214 
		}
		control={
			3920.000000 1210.000000 3866.000000 1216.000000 3841.000000 1244.000000 3776.000000 1217.000000 3757.000000 1247.000000 3691.000000 1246.000000 3668.000000 1269.000000 
		}
	}
	outgoing={
		name="gujarat"
		path={
			506 2072 
		}
		control={
			3921.000000 1136.000000 3872.000000 1087.000000 3879.000000 1059.000000 
		}
	}
	members={
		1785 1787 2200 508 2073 2074 4449 4521 507 2075 2076 4510 4513 506 2079 2086 4508 4509 2077 2078 4511 510 2065 4411 4463 576 577 2068 448 451 452 578 2226 447 449 2225 450 2227 2228 
	}
}
deccan={
	location=1948
	color={
		241 13 61 
	}
	inland=yes
	outgoing={
		name="gujarat"
		path={
			4433 517 1337 
		}
		control={
			3964.000000 943.000000 3919.000000 945.000000 
		}
	}
	outgoing={
		name="comorin_cape"
		path={
			541 4422 4414 2026 
		}
		control={
			4009.000000 916.000000 4000.000000 889.000000 4009.000000 873.000000 4019.000000 855.000000 4024.000000 827.000000 4035.000000 814.000000 4006.000000 783.000000 
		}
	}
	members={
		526 2056 2057 2093 4461 550 551 2092 4458 4460 532 2033 4428 2028 4438 4444 542 2037 4436 4439 527 4434 4453 569 1948 2035 4435 546 548 2050 4442 4443 1946 2034 4431 544 545 4432 4433 4437 
	}
}
comorin_cape={
	location=1340
	color={
		13 255 179 
	}
	outgoing={
		name="gulf_of_aden"
		path={
			1615 1451 1331 
		}
		control={
			3866.000000 794.500000 3715.000000 850.000000 
		}
	}
	outgoing={
		name="gujarat"
		path={
			1339 2030 1337 
		}
		control={
			3952.000000 822.000000 3895.000000 915.000000 
		}
	}
	outgoing={
		name="cape_of_good_hope"
		path={
			1619 1621 1636 1626 1459 
		}
		control={
			4004.000000 736.000000 3900.000000 556.000000 3712.000000 299.000000 3414.000000 88.000000 3217.000000 36.000000 
		}
	}
	members={
		1340 2083 4418 4419 4420 539 540 1947 2027 4417 536 2101 4412 2100 4408 4409 572 2099 4407 574 1101 1248 1998 1999 538 2085 4414 2026 4415 4416 533 2031 4421 4422 4426 541 1949 2090 4423 4424 534 535 537 4410 4413 531 2029 2030 2032 4427 543 549 2084 2080 4425 
	}
}
gujarat={
	location=504
	color={
		135 104 85 
	}
	outgoing={
		name="gulf_of_aden"
		path={
			1336 1333 1332 1331 
		}
		control={
			3809.000000 1011.000000 3760.000000 967.000000 3677.000000 901.000000 
		}
	}
	outgoing={
		name="hormuz"
		path={
			1336 1334 
		}
		control={
			3799.000000 1035.000000 
		}
	}
	outgoing={
		name="zanzibar"
		path={
			1336 1452 1451 1453 1447 
		}
		control={
			3839.000000 977.000000 3819.000000 933.000000 3700.000000 780.000000 3699.000000 669.000000 
		}
	}
	members={
		518 2058 2087 4501 4462 512 4502 4507 2066 513 514 2067 4506 504 2088 4503 4504 505 2072 4505 529 530 2089 4429 515 521 2052 4454 4455 517 2036 4430 503 2053 4456 4480 516 2051 2054 4512 4457 
	}
}
katsina={
	location=1149
	color={
		215 56 56 
	}
	inland=yes
	outgoing={
		name="timbuktu"
		path={
			1148 2273 2269 1133 2262 1132 
		}
		control={
			2899.000000 875.000000 2892.000000 894.000000 2852.000000 890.000000 2806.000000 912.000000 2790.000000 927.000000 
		}
	}
	outgoing={
		name="tunis"
		path={
			352 341 
		}
		control={
			2931.000000 880.000000 2998.000000 950.000000 3016.000000 1000.000000 3023.000000 1066.000000 2982.000000 1185.000000 2955.000000 1206.000000 
		}
	}
	outgoing={
		name="ethiopia"
		path={
			2800 2772 
		}
		control={
			3011.000000 843.000000 3129.000000 858.000000 3245.860107 862.010010 3315.000000 898.000000 3333.000000 880.000000 3331.300049 866.299988 3355.000000 858.000000 
		}
	}
	members={
		1144 1146 1162 1145 1152 1153 1150 1154 1155 1156 1157 1158 1160 1161 1249 1149 1148 2273 2272 2274 2275 2276 2277 2278 2279 2280 2281 2282 2283 2284 2285 2286 2287 2288 2293 2475 1159 
	}
}
ethiopia={
	location=2772
	inland=yes
	outgoing={
		name="alexandria"
		path={
			1232 2321 361 358 
		}
		control={
			3350.000000 1051.000000 
		}
	}
	outgoing={
		name="gulf_of_aden"
		path={
			1213 1211 1212 4346 
		}
		control={
			3454.000000 793.000000 3486.000000 822.000000 3567.000000 840.000000 
		}
	}
	members={
		774 1217 1218 1222 1228 2756 2757 2758 2759 2760 2761 2762 2763 2772 2791 2778 2785 2797 2766 2767 2769 2770 2771 2779 2780 2781 1224 1213 1223 1214 1216 1221 2800 2801 2802 1229 1225 1226 1227 1220 1207 1208 1210 2798 2799 1219 2776 2932 4033 4158 2777 4051 4052 
	}
}
gulf_of_aden={
	location=4346
	outgoing={
		name="zanzibar"
		path={
			1446 1447 1448 
		}
		control={
			3619.000000 810.000000 3602.000000 764.000000 3521.500000 652.000000 
		}
	}
	outgoing={
		name="alexandria"
		path={
			1330 1329 1328 361 358 
		}
		control={
			3519.000000 841.000000 3465.000000 874.500000 3370.000000 1051.000000 3329.000000 1110.000000 3317.000000 1130.000000 3304.000000 1146.000000 3284.000000 1143.000000 
		}
	}
	outgoing={
		name="hormuz"
		path={
			1332 1333 1334 
		}
		control={
			3663.000000 915.000000 3763.000000 1013.000000 
		}
	}
	members={
		2324 2775 2782 2783 2786 2788 2789 2790 2793 2794 2795 2024 1205 1206 1209 1212 1215 1230 2765 2773 2792 2784 1211 2764 2787 1232 1331 1779 2768 401 2341 2342 402 1099 4284 387 2346 4279 390 2344 4281 388 2345 4280 386 391 4282 389 2343 4283 1328 1329 1330 4333 4346 
	}
}
hormuz={
	location=1334
	outgoing={
		name="basra"
		path={
			2219 1335 
		}
		control={
			3687.000000 1082.000000 3650.000000 1073.000000 
		}
	}
	members={
		397 398 404 2333 432 2220 2234 4345 434 575 2231 2232 2233 430 2219 2223 4332 2218 4329 4330 4331 403 4285 4287 399 400 4286 431 2999 4327 1332 1334 4347 
	}
}
zanzibar={
	location=1448
	color={
		130 17 17 
	}
	outgoing={
		name="cape_of_good_hope"
		path={
			1449 1456 1457 1458 1459 1460 
		}
		control={
			3492.000000 449.000000 3452.000000 374.500000 3388.000000 270.000000 3347.500000 175.000000 3233.000000 73.500000 
		}
	}
	outgoing={
		name="perth_node"
		path={
			1448 1450 1617 1620 1647 1646 1645 1644 1643 1418 1084 
		}
		control={
			3494.000000 451.000000 3460.000000 301.000000 3520.000000 209.000000 3568.000000 282.000000 3715.000000 302.000000 3825.000000 400.000000 3990.000000 488.000000 4161.000000 489.000000 4378.000000 444.000000 4531.000000 417.000000 4594.000000 311.000000 4631.000000 194.000000 
		}
	}
	members={
		1448 788 1100 1102 1103 1183 1186 1192 1193 1194 1195 1196 1197 1198 1199 1200 1201 1202 1203 1204 1792 2796 2774 4020 4021 4022 4023 4024 4025 4026 4027 4028 4029 4030 4031 4032 4049 
	}
}
cape_of_good_hope={
	location=1460
	outgoing={
		name="ivory_coast"
		path={
			1461 1462 1463 1464 1465 1466 
		}
		control={
			3032.500000 172.000000 2973.000000 355.000000 2999.000000 503.500000 2933.000000 610.000000 2916.500000 697.500000 
		}
	}
	members={
		1460 789 833 1175 1176 1177 1178 1179 1180 1181 1182 1173 1800 2856 2864 2880 4781 4782 4783 4784 
	}
}
basra={
	location=1335
	outgoing={
		name="aleppo"
		path={
			408 409 406 382 377 
		}
		control={
			3542.000000 1156.000000 3501.000000 1170.000000 3487.000000 1204.000000 3448.000000 1222.000000 3423.000000 1245.000000 
		}
	}
	outgoing={
		name="persia"
		path={
			412 413 428 426 
		}
		control={
			3564.000000 1167.000000 3561.000000 1228.000000 3591.000000 1234.000000 
		}
	}
	members={
		1335 412 2217 4289 4290 4342 394 395 396 2340 2347 393 2338 4272 392 2337 4273 4274 2335 2336 2339 4275 408 2311 2312 4288 406 409 410 2310 4291 413 414 2209 2210 415 2211 4293 4294 2334 4276 
	}
}
samarkand={
	location=454
	inland=yes
	outgoing={
		name="persia"
		path={
			442 441 438 437 427 426 
		}
		control={
			3820.000000 1295.000000 3781.000000 1294.000000 3744.000000 1293.000000 3696.000000 1301.000000 3672.000000 1286.000000 3649.000000 1263.000000 
		}
	}
	outgoing={
		name="astrakhan"
		path={
			442 440 443 470 465 464 
		}
		control={
			3824.000000 1312.000000 3774.000000 1329.000000 3728.000000 1356.000000 3682.000000 1386.000000 3657.000000 1444.000000 3610.000000 1470.000000 
		}
	}
	members={
		440 441 442 444 445 453 454 455 456 457 459 476 477 1967 1969 1970 1973 461 478 2126 2370 2362 2363 2356 2364 2368 2355 2360 2361 2358 2352 2351 2353 2359 458 2125 460 2350 437 438 439 443 2349 739 2124 2127 4209 4210 1968 4344 4343 4685 
	}
}
persia={
	location=4341
	color={
		204 119 31 
	}
	inland=yes
	outgoing={
		name="aleppo"
		path={
			1326 421 2202 2205 418 407 377 
		}
		control={
			3581.000000 1304.000000 3568.000000 1326.000000 3536.000000 1309.000000 3507.000000 1304.000000 3463.000000 1307.000000 3445.000000 1263.000000 
		}
	}
	outgoing={
		name="astrakhan"
		path={
			1326 421 425 2199 2208 
		}
		control={
			3595.000000 1300.000000 3578.000000 1332.000000 3548.000000 1380.000000 3535.000000 1410.000000 
		}
	}
	members={
		435 2224 2229 2230 436 4334 4336 446 4324 4325 2221 2235 2236 4326 417 426 2214 4339 4341 427 428 2213 2216 4337 429 433 2222 4335 4171 419 420 2202 2205 4302 421 424 4299 4305 4340 416 2206 2207 4304 2212 2215 4300 4338 4177 4170 4172 4179 
	}
}
aleppo={
	location=377
	color={
		202 150 172 
	}
	outgoing={
		name="constantinople"
		path={
			1317 1848 322 317 1320 
		}
		control={
			3308.000000 1243.000000 3264.000000 1243.000000 3239.500000 1253.500000 3205.500000 1316.500000 
		}
	}
	outgoing={
		name="alexandria"
		path={
			1316 1315 358 
		}
		control={
			3353.000000 1241.000000 3335.000000 1200.000000 3284.000000 1180.000000 
		}
	}
	members={
		418 2306 2307 4295 4296 377 1849 2313 4298 378 382 1855 4297 407 411 2309 2314 4292 332 2303 2308 4310 405 4270 4271 321 327 2302 323 324 2301 4307 
	}
}
alexandria={
	location=358
	color={
		200 200 102 
	}
	outgoing={
		name="constantinople"
		path={
			362 363 1316 1932 318 317 1320 
		}
		control={
			3272.000000 1172.000000 3275.000000 1197.000000 3266.000000 1216.000000 3236.000000 1243.000000 3203.000000 1286.000000 3203.000000 1315.000000 3216.000000 1325.000000 3227.000000 1333.000000 
		}
	}
	outgoing={
		name="venice"
		path={
			1315 1318 145 1773 144 143 1310 1309 1308 
		}
		control={
			3253.000000 1183.000000 3216.000000 1220.000000 3160.000000 1229.000000 3130.000000 1251.000000 3108.000000 1291.000000 3100.000000 1332.000000 3080.500000 1356.000000 3031.000000 1383.000000 
		}
	}
	outgoing={
		name="genua"
		path={
			357 1314 1313 1306 1302 1303 1298 1297 
		}
		control={
			3239.500000 1153.500000 3180.000000 1204.000000 3093.000000 1203.000000 3017.500000 1244.500000 2977.000000 1288.000000 2967.000000 1347.000000 2935.000000 1348.000000 
		}
	}
	members={
		1234 2322 2323 364 379 1854 384 2329 2330 383 2328 4268 4269 385 2331 2332 4277 4278 380 381 2327 365 2315 2320 2321 1233 2318 4323 358 362 363 361 2316 4316 4317 359 2317 4318 360 1231 2319 4319 4320 356 357 2325 2326 4321 4322 
	}
}
astrakhan={
	location=464
	inland=yes
	outgoing={
		name="kazan"
		path={
			466 303 1081 1082 
		}
		control={
			3509.000000 1488.000000 3516.000000 1547.000000 3559.000000 1606.000000 
		}
	}
	outgoing={
		name="crimea"
		path={
			468 287 1323 
		}
		control={
			3486.000000 1439.000000 3417.000000 1425.000000 3342.000000 1405.000000 
		}
	}
	members={
		288 303 465 467 469 470 474 1971 2365 2367 2366 2409 2418 2419 472 471 464 466 468 2416 2417 302 304 2415 425 2198 2199 2208 4306 
	}
}
crimea={
	location=1322
	color={
		59 158 125 
	}
	outgoing={
		name="kiev"
		path={
			284 282 281 280 
		}
		control={
			3307.169922 1429.410034 3297.000000 1470.000000 3290.000000 1506.000000 
		}
	}
	outgoing={
		name="constantinople"
		path={
			1322 1321 1320 
		}
		control={
			3314.000000 1403.000000 3279.000000 1379.500000 
		}
	}
	outgoing={
		name="pest"
		path={
			4706 2998 4531 160 2746 156 1954 155 
		}
		control={
			3268.000000 1423.000000 3248.000000 1426.000000 3241.000000 1408.000000 3226.000000 1404.000000 3208.000000 1394.000000 3174.000000 1397.000000 3157.000000 1408.000000 3163.000000 1414.000000 3156.000000 1419.000000 3132.000000 1417.000000 3125.000000 1426.000000 3121.000000 1444.000000 3124.000000 1449.000000 3119.000000 1458.000000 
		}
	}
	members={
		1323 1322 462 1856 463 2201 2195 2197 282 1974 2406 286 287 2413 2414 284 285 2410 2447 283 2411 2412 330 331 2305 422 268 1756 2405 423 2203 4301 2196 2204 4303 4529 4530 
	}
}
constantinople={
	location=1320
	color={
		126 203 120 
	}
	outgoing={
		name="ragusa"
		path={
			149 1765 1766 138 137 
		}
		control={
			3211.000000 1343.500000 3173.000000 1364.000000 3142.000000 1365.000000 3115.000000 1361.000000 
		}
	}
	members={
		1320 149 151 1764 325 328 2299 2304 150 159 1765 2746 2750 329 1846 2300 4314 4315 316 317 2296 322 1848 4308 4311 318 319 2297 2298 4309 326 4312 4313 164 320 1319 2348 3003 4700 4703 4704 4705 4706 4779 
	}
}
kiev={
	location=280
	inland=yes
	outgoing={
		name="novgorod"
		path={
			278 292 275 311 310 
		}
		control={
			3260.000000 1570.000000 3296.500000 1603.000000 3290.500000 1651.000000 3300.000000 1680.000000 
		}
	}
	outgoing={
		name="krakow"
		path={
			279 260 262 
		}
		control={
			3221.000000 1531.000000 3171.000000 1539.000000 
		}
	}
	members={
		272 279 281 770 1937 1943 2962 277 278 1941 291 298 299 2408 293 297 4244 4245 296 300 4116 280 1942 1944 4247 289 290 1945 2407 292 771 4246 276 4115 4242 4538 4537 4536 4535 4545 4544 4540 4539 4542 4543 269 
	}
}
kazan={
	location=1082
	inland=yes
	outgoing={
		name="novgorod"
		path={
			306 307 308 312 310 
		}
		control={
			3474.000000 1641.000000 3427.000000 1649.000000 3396.000000 1686.000000 3370.000000 1720.000000 
		}
	}
	members={
		306 1079 1083 1957 2421 4265 4267 475 1965 1966 2420 2444 473 1081 2423 1082 2422 4264 305 1962 1972 4266 
	}
}
novgorod={
	location=33
	color={
		97 126 37 
	}
	outgoing={
		name="baltic_sea"
		path={
			34 36 1926 
		}
		control={
			3262.000000 1736.000000 3194.000000 1730.000000 3156.000000 1720.000000 
		}
	}
	outgoing={
		name="white_sea"
		path={
			1261 309 1652 
		}
		control={
			3372.500000 1863.000000 
		}
	}
	members={
		30 32 309 4124 33 34 1961 274 275 1960 4148 310 311 1959 2749 4260 294 1752 4243 4248 4249 301 1778 4255 295 4251 4252 307 4147 4253 308 1753 4117 4250 1754 1956 4254 312 4259 4261 
	}
}
cuiaba={
	location=800
	outgoing={
		name="laplata"
		path={
			800 1536 
		}
		control={
			1899.000000 558.000000 1905.000000 456.000000 1863.000000 344.000000 1870.000000 313.000000 1888.000000 301.000000 
		}
	}
	outgoing={
		name="lima"
		path={
			800 809 
		}
		control={
			1770.000000 628.000000 1670.000000 682.000000 
		}
	}
	members={
		800 2902 2901 801 2835 2834 2838 794 2942 797 2941 2940 2946 795 793 2900 796 2840 2839 2837 792 791 2841 2836 802 804 2831 2947 803 2832 2833 775 776 799 2842 2882 2883 2888 2903 2904 2905 
	}
}
laplata={
	location=1536
	outgoing={
		name="brazil"
		path={
			1535 1534 1533 1532 1531 
		}
		control={
			2001.000000 329.000000 2074.000000 414.000000 2144.000000 481.000000 2213.000000 579.000000 
		}
	}
	members={
		772 773 777 778 779 790 1536 1095 2025 2843 2844 2845 2846 2847 2848 2849 2850 2851 2852 2853 2854 2855 2857 2858 2859 2860 2861 2865 2866 2877 2878 2879 2884 2887 
	}
}
lima={
	location=809
	outgoing={
		name="panama"
		path={
			1545 1546 1547 1548 835 
		}
		control={
			1528.000000 687.000000 1486.000000 807.000000 1521.000000 913.000000 1551.000000 972.000000 
		}
	}
	outgoing={
		name="pacific_island_node"
		path={
			1545 1546 1700 1707 1716 1715 1699 1697 
		}
		control={
			1528.000000 687.000000 1460.000000 821.000000 1363.000000 911.000000 1127.000000 968.000000 999.000000 959.000000 814.000000 996.000000 655.000000 967.000000 452.000000 942.000000 341.000000 973.000000 
		}
	}
	members={
		812 2002 2821 2822 2826 816 817 819 820 2820 815 818 821 2823 2944 2945 813 2824 2825 2943 809 810 811 814 2827 807 808 2829 2830 805 806 2828 
	}
}
brazil={
	location=1531
	outgoing={
		name="ivory_coast"
		path={
			1596 1597 1586 1585 1466 
		}
		control={
			2333.000000 600.000000 2480.000000 657.000000 2624.000000 550.000000 2788.000000 549.000000 
		}
	}
	members={
		1531 750 751 753 754 755 756 757 758 759 760 761 762 763 764 765 766 768 769 2881 2885 2891 2892 2893 2894 2895 2896 2897 2898 2899 2906 2907 2908 2912 2913 2914 2915 2916 2917 2918 2919 2920 2921 2922 
	}
}
timbuktu={
	location=1132
	inland=yes
	outgoing={
		name="safi"
		path={
			1127 346 344 345 
		}
		control={
			2757.000000 962.000000 2731.000000 1075.000000 2706.000000 1124.000000 2672.000000 1130.000000 
		}
	}
	outgoing={
		name="ivory_coast"
		path={
			2263 1135 2252 2255 2257 1466 
		}
		control={
			2764.000000 887.000000 2769.000000 881.000000 2755.000000 822.000000 2755.000000 770.000000 2773.000000 750.000000 
		}
	}
	members={
		1115 2237 2240 1122 1125 2251 1135 1137 2265 2266 1136 2256 2267 2252 2253 2254 2255 1138 2247 1120 1121 1124 1123 1131 1132 1134 1133 1142 2243 2244 2245 2246 2248 2249 2250 2259 2260 2261 2262 2263 2264 2268 2269 2270 1127 1128 1129 1130 2271 1140 1143 2291 2292 2295 
	}
}
ivory_coast={
	location=1466
	outgoing={
		name="lesser_antilles_node"
		path={
			1467 1468 1579 1577 1576 1522 1520 1519 1517 1516 
		}
		control={
			2696.000000 657.000000 2431.000000 777.000000 2279.000000 894.000000 2168.000000 924.000000 2064.000000 949.000000 2019.000000 953.000000 1945.000000 985.000000 1864.000000 1039.000000 1824.000000 1065.000000 
		}
	}
	outgoing={
		name="bordeaux"
		path={
			1467 1468 1470 1471 1566 1563 
		}
		control={
			2693.000000 675.000000 2498.000000 819.000000 2482.000000 1053.000000 2488.000000 1226.000000 2589.000000 1369.000000 
		}
	}
	outgoing={
		name="english_channel"
		path={
			1467 1468 1470 1471 1566 1563 
		}
		control={
			2698.000000 664.000000 2487.000000 781.000000 2447.000000 1068.000000 2433.000000 1258.000000 2599.000000 1456.000000 2758.000000 1507.000000 2845.000000 1549.000000 
		}
	}
	outgoing={
		name="sevilla"
		path={
			1467 1468 1470 1471 1566 1563 
		}
		control={
			2702.000000 692.000000 2568.000000 783.000000 2516.000000 940.000000 2548.000000 1064.000000 2617.000000 1127.000000 2641.000000 1223.000000 
		}
	}
	members={
		1164 1165 1166 1096 1793 2241 1466 1097 1098 1118 1119 1151 1163 2242 1168 1306 4078 4079 4080 1126 1139 1141 2257 2258 1147 2289 2290 2294 1111 1112 1113 1116 2239 1114 1117 2238 1167 1171 1172 1174 
	}
}
tunis={
	location=341
	color={
		146 134 57 
	}
	outgoing={
		name="sevilla"
		path={
			340 339 1301 1294 1293 
		}
		control={
			2927.000000 1239.000000 2892.000000 1249.000000 2856.000000 1284.500000 2777.000000 1247.500000 
		}
	}
	outgoing={
		name="valencia"
		path={
			2455 1302 1301 1295 
		}
		control={
			2941.000000 1280.000000 2912.000000 1295.000000 2882.000000 1304.000000 2873.000000 1308.000000 2848.000000 1290.000000 2840.000000 1292.000000 2838.000000 1311.000000 2827.000000 1322.000000 
		}
	}
	outgoing={
		name="genua"
		path={
			1302 1300 1297 
		}
		control={
			2960.000000 1286.000000 2914.500000 1317.500000 
		}
	}
	members={
		355 339 340 341 350 351 352 353 354 1882 2448 2449 2450 2451 2452 2453 2454 2455 2456 2457 2458 2472 2473 2474 2954 4566 4567 
	}
}
ragusa={
	location=137
	outgoing={
		name="pest"
		path={
			1831 3002 4755 4173 4126 
		}
		control={
			3105.000000 1405.000000 3106.000000 1427.000000 3101.000000 1441.000000 
		}
	}
	outgoing={
		name="venice"
		path={
			136 1308 
		}
		control={
			3065.000000 1381.000000 
		}
	}
	outgoing={
		name="genua"
		path={
			1310 1311 1307 1304 1303 1298 1297 
		}
		control={
			3101.000000 1349.000000 3096.500000 1299.000000 3055.000000 1269.000000 3041.500000 1303.000000 2984.000000 1338.000000 
		}
	}
	members={
		137 138 139 140 141 142 143 144 147 1766 1827 1831 1853 3000 3002 3001 4174 4175 4176 131 148 1828 136 1826 4239 145 146 163 1773 4702 4699 4698 4701 4750 4752 4753 4754 4755 4757 4780 
	}
}
safi={
	location=1110
	color={
		191 110 62 
	}
	outgoing={
		name="sevilla"
		path={
			342 1293 
		}
		control={
			2655.000000 1168.000000 2667.000000 1183.000000 2698.000000 1198.000000 2709.000000 1228.000000 
		}
	}
	members={
		344 345 346 347 348 1110 2460 2464 2466 2467 2468 2469 2470 342 343 349 2459 2462 2463 336 337 338 2461 2465 4564 4562 4568 
	}
}
pest={
	location=153
	color={
		172 95 81 
	}
	inland=yes
	outgoing={
		name="wien"
		path={
			4240 135 
		}
		control={
			3092.000000 1474.000000 
		}
	}
	outgoing={
		name="krakow"
		path={
			1318 2960 
		}
		control={
			3116.000000 1492.000000 3122.000000 1501.000000 3123.000000 1510.000000 
		}
	}
	members={
		135 153 1864 4126 4240 155 1953 1954 4125 154 162 1318 1772 4236 157 158 1952 4127 156 1951 4128 152 1767 4173 4756 160 161 2998 4531 4532 
	}
}
krakow={
	location=262
	inland=yes
	outgoing={
		name="wien"
		path={
			263 4726 265 1770 
		}
		control={
			3106.000000 1520.000000 3084.000000 1516.000000 3077.000000 1508.000000 3070.000000 1500.000000 3061.000000 1494.000000 
		}
	}
	outgoing={
		name="saxony"
		path={
			263 264 1763 
		}
		control={
			3083.000000 1532.000000 3069.000000 1548.000000 3034.000000 1562.000000 
		}
	}
	outgoing={
		name="baltic_sea"
		path={
			258 255 1859 43 1927 1926 
		}
		control={
			3097.000000 1544.000000 3089.000000 1554.000000 3095.000000 1580.000000 3096.000000 1605.000000 3118.000000 1637.000000 
		}
	}
	members={
		258 259 260 261 262 263 264 1940 256 257 1938 1939 254 255 2424 2959 2960 2961 2966 4238 2963 1859 4523 4524 4526 4528 4525 4527 4533 4541 4723 
	}
}
wien={
	location=134
	color={
		220 220 220 
	}
	inland=yes
	outgoing={
		name="venice"
		path={
			132 128 1769 1308 4738 
		}
		control={
			3026.000000 1470.000000 3028.000000 1456.000000 3021.000000 1442.000000 
		}
	}
	outgoing={
		name="rheinland"
		path={
			133 64 1757 67 66 79 1876 
		}
		control={
			3033.000000 1484.000000 3006.000000 1499.000000 2992.000000 1505.000000 2984.000000 1509.000000 2978.000000 1514.000000 2960.000000 1513.000000 2947.000000 1514.000000 
		}
	}
	outgoing={
		name="saxony"
		path={
			1770 267 266 1771 61 59 
		}
		control={
			3031.000000 1503.000000 3030.000000 1518.000000 3027.000000 1534.000000 
		}
	}
	members={
		64 65 76 128 132 133 134 1757 1770 1863 2955 2956 2957 68 1868 70 1872 73 110 1768 4707 4708 4709 4710 4711 4712 4713 4758 4759 4760 4761 4762 265 4237 4726 
	}
}
saxony={
	location=61
	color={
		36 182 69 
	}
	inland=yes
	outgoing={
		name="rheinland"
		path={
			62 63 81 1876 
		}
		control={
			2998.000000 1544.000000 2970.000000 1532.000000 2956.500000 1530.000000 
		}
	}
	outgoing={
		name="lubeck"
		path={
			58 52 51 46 45 
		}
		control={
			2990.000000 1555.000000 2991.000000 1578.000000 
		}
	}
	members={
		49 50 57 62 63 1758 51 60 61 267 1759 1763 1771 52 58 59 2964 2965 2967 2971 2969 266 2968 2970 2993 4724 4725 4741 4742 4743 4744 4747 4748 4773 4778 
	}
}
baltic_sea={
	location=1926
	color={
		8 82 165 
	}
	outgoing={
		name="lubeck"
		path={
			1255 1257 45 
		}
		control={
			3089.000000 1696.000000 3072.000000 1648.000000 3044.000000 1636.000000 3015.000000 1620.000000 2984.000000 1605.000000 
		}
	}
	members={
		1926 1 2 3 4 5 1985 8 9 11 18 19 25 27 28 29 31 35 37 38 39 40 271 273 1930 1935 1936 41 42 43 1841 767 2958 2997 4113 4114 4123 4152 4166 270 36 1834 1842 4241 4534 
	}
}
rheinland={
	location=1876
	color={
		114 171 184 
	}
	inland=yes
	outgoing={
		name="champagne"
		path={
			83 1760 80 188 187 186 
		}
		control={
			2928.000000 1531.000000 2912.000000 1541.000000 2902.500000 1543.500000 2881.500000 1535.500000 
		}
	}
	outgoing={
		name="lubeck"
		path={
			1762 57 53 1857 45 
		}
		control={
			2954.000000 1549.000000 2966.000000 1562.000000 2962.000000 1579.000000 2972.000000 1591.500000 
		}
	}
	members={
		56 72 74 75 77 78 79 80 81 82 83 84 85 86 1760 1761 1869 1870 1876 1878 1880 2973 2975 166 1873 2972 1762 66 67 4714 4718 4715 4716 4717 71 69 4722 4765 4767 4768 4774 4775 
	}
}
cook_strait_node={
	location=4643
	color={
		193 26 14 
	}
	outgoing={
		name="sydney_node"
		path={
			1423 1425 1424 
		}
		control={
			5470.000000 156.000000 5344.000000 131.000000 5217.000000 164.000000 
		}
	}
	outgoing={
		name="pacific_island_node"
		path={
			1423 1426 1726 1732 1735 1697 
		}
		control={
			5549.000000 104.000000 5579.000000 83.000000 5693.000000 213.179993 5828.080078 349.450012 5818.270020 499.309998 249.000000 759.000000 
		}
	}
	members={
		4639 1246 4650 1109 4649 2738 4644 4647 4638 4643 2737 1107 4642 4637 1108 2739 4640 1106 4939
	}
}
pacific_island_node={
	location=1697
	color={
		204 63 189 
	}
	outgoing={
		name="los_angeles_node"
		path={
			1697 1699 1693 1694 1555 944 
		}
		control={
			342.000000 1091.000000 471.390015 1178.930054 640.000000 1281.000000 798.000000 1355.000000 928.000000 1399.000000 
		}
	}
	outgoing={
		name="manzanillo_bay_node"
		path={
			1697 1699 1715 1696 1695 1551 
		}
		control={
			367.000000 1090.000000 511.000000 1079.000000 685.000000 1085.000000 845.000000 1117.000000 1018.000000 1125.000000 1160.000000 1162.000000 
		}
	}
	outgoing={
		name="alaska_node"
		path={
			1697 1714 1689 1686 1682 1561 973 
		}
		control={
			330.000000 1118.000000 286.000000 1218.000000 340.000000 1386.000000 345.000000 1580.000000 305.000000 1787.000000 426.000000 1869.000000 450.000000 1908.000000 426.000000 1943.000000 437.000000 1973.000000 
		}
	}
	members={
		968 969 1235 1236 1238 1239 1240 1241 1242 1243 1244 1986 1987 1988 1989 1990 1991 1992 1993 1994 1995 1996 1997 2023 2617 2726 2727 2728 3014 3015 3016 3315 3226 3227 3228 1697 4938 4937 
	}
}
hudson_bay_node={
	location=1487
	color={
		237 28 36 
	}
	outgoing={
		name="prairies_node"
		path={
			1487 2628 2627 3072 2626 2629 2622 3007 2631 
		}
		control={
			1338.000000 1928.000000 1283.000000 1844.000000 1306.000000 1755.000000 1289.000000 1738.000000 1236.000000 1746.000000 1191.000000 1739.000000 1154.000000 1779.000000 1114.000000 1774.000000 1061.000000 1771.000000 
		}
	}
	outgoing={
		name="st_lawrence_node"
		path={
			1487 1486 2006 3055 2007 3056 2657 2008 2652 
		}
		control={
			1470.000000 1899.000000 1556.000000 1824.000000 1587.000000 1761.000000 1607.000000 1705.000000 1608.000000 1669.000000 1633.000000 1654.000000 1645.000000 1656.000000 1658.000000 1657.000000 1674.000000 1667.000000 
		}
	}
	members={
		2650 2672 2627 2628 2621 2619 3046 2625 2624 2632 3010 3210 3209 3211 2620 3036 3035 3034 1104 1105 4632 4633 4634 1804 1487 
	}
}
alaska_node={
	location=973
	color={
		63 72 204 
	}
	outgoing={
		name="puget_sound_node"
		path={
			973 1561 1560 1559 3310 2635 
		}
		control={
			437.000000 1973.000000 426.000000 1943.000000 463.000000 1915.000000 538.000000 1922.000000 698.000000 1845.000000 758.000000 1826.000000 784.000000 1783.000000 805.000000 1734.000000 854.000000 1710.000000 880.000000 1703.000000 883.000000 1716.000000 
		}
	}
	members={
		975 973 3233 2671 972 3041 3040 2618 3052 974 2648 3235 3234 3042 971 970 
	}
}
puget_sound_node={
	location=2635
	color={
		34 177 76 
	}
	outgoing={
		name="san_francisco_node"
		path={
			2635 3152 3311 1558 1557 1556 3309 
		}
		control={
			890.000000 1724.000000 902.000000 1709.000000 898.000000 1694.000000 899.000000 1666.000000 893.000000 1641.000000 890.000000 1627.000000 889.000000 1612.000000 887.000000 1590.000000 892.000000 1571.000000 904.000000 1557.000000 899.000000 1545.000000 904.000000 1525.000000 914.000000 1504.000000 
		}
	}
	outgoing={
		name="prairies_node"
		path={
			2635 3038 3039 3076 3212 2633 2631 
		}
		control={
			908.000000 1725.000000 921.000000 1725.000000 943.000000 1742.000000 962.000000 1756.000000 975.000000 1753.000000 983.000000 1760.000000 995.000000 1760.000000 1010.000000 1764.000000 
		}
	}
	members={
		2634 3215 3214 3038 3075 3039 2641 3076 3077 2639 2635 3074 2638 965 3152 964 3301 3153 961 960 2732 966 967 978 979 3303 3302 3216 
	}
}
panama={
	location=835
	color={
		255 31 7 
	}
	outgoing={
		name="greater_antilles_node"
		path={
			835 1515 1517 1516 
		}
		control={
			1586.000000 1044.000000 1607.000000 1125.000000 
		}
	}
	outgoing={
		name="manzanillo_bay_node"
		path={
			835 1548 1549 1550 1551 
		}
		control={
			1564.000000 978.000000 1478.000000 991.000000 1422.000000 1058.000000 1313.000000 1110.000000 
		}
	}
	outgoing={
		name="veracruz_node"
		path={
			835 1515 1514 1513 1512 1511 1510 862 
		}
		control={
			1586.000000 1044.000000 1561.000000 1159.000000 1533.000000 1196.000000 1469.000000 1216.000000 1426.000000 1235.000000 1390.000000 1225.000000 1366.000000 1183.000000 
		}
	}
	members={
		840 2637 2640 2662 837 838 2660 2661 2663 826 835 836 2664 2819 828 2806 824 825 827 832 2817 2812 2814 2815 822 823 2816 2818 4605 4604 4607 4608 4603 4600 4601 4602 4599 4596 4595 4597 4592 4593 829 839 841 842 843 2636 2653 4587 4589 4594 830 2807 4609 4610 4611 741 831 2808 4612 4616 2805 2809 2939 4615 834 2810 2813 4613 4614 
	}
}
manzanillo_bay_node={
	location=1551
	color={
		178 0 255 
	}
	outgoing={
		name="mexico_node"
		path={
			1551 858 859 870 871 
		}
		control={
			1266.000000 1141.000000 1258.000000 1155.000000 1261.000000 1171.000000 
		}
	}
	outgoing={
		name="veracruz_node"
		path={
			1551 1550 854 860 862 
		}
		control={
			1313.000000 1110.000000 1327.000000 1137.000000 1332.000000 1157.000000 
		}
	}
	outgoing={
		name="phoenix_node"
		path={
			1551 1552 3005 1553 929 938 936 
		}
		control={
			1221.000000 1145.000000 1161.000000 1175.000000 1131.000000 1232.000000 1080.000000 1295.000000 1072.000000 1342.000000 1071.000000 1382.000000 1069.000000 1400.000000 1067.000000 1412.000000 
		}
	}
	outgoing={
		name="los_angeles_node"
		path={
			1551 1552 1554 1555 944 
		}
		control={
			1221.000000 1145.000000 1161.000000 1175.000000 1127.000000 1232.000000 1071.000000 1237.000000 1010.000000 1304.000000 977.000000 1383.000000 
		}
	}
	members={
		915 916 917 918 900 901 902 885 883 884 886 887 888 850 851 854 855 856 857 858 859 874 875 876 877 1551 
	}
}
los_angeles_node={
	location=944
	color={
		255 127 39 
	}
	outgoing={
		name="san_francisco_node"
		path={
			944 1555 1556 3309 
		}
		control={
			959.000000 1442.000000 934.000000 1461.000000 931.000000 1480.000000 917.000000 1493.000000 903.000000 1494.000000 
		}
	}
	outgoing={
		name="phoenix_node"
		path={
			944 942 3254 938 936 
		}
		control={
			976.000000 1435.000000 1003.000000 1431.000000 1028.000000 1430.000000 1050.000000 1424.000000 
		}
	}
	members={
		927 929 930 3047 933 935 934 3048 931 932 919 920 921 943 3251 3252 942 944 2736 3253 3255 
	}
}
san_francisco_node={
	location=3309
	color={
		255 242 0 
	}
	outgoing={
		name="rocky_mountains_node"
		path={
			3309 3246 941 2734 951 950 952 3300 991 3260 990 
		}
		control={
			906.000000 1503.000000 907.000000 1516.000000 920.000000 1527.000000 938.000000 1537.000000 1000.000000 1550.000000 1053.000000 1553.000000 1057.000000 1528.000000 1089.000000 1524.000000 1126.000000 1534.000000 1150.000000 1531.000000 
		}
	}
	outgoing={
		name="phoenix_node"
		path={
			3309 2735 2736 3249 3254 938 936 
		}
		control={
			906.000000 1503.000000 907.000000 1516.000000 920.000000 1527.000000 938.000000 1537.000000 954.000000 1521.000000 982.000000 1488.000000 1013.000000 1476.000000 1030.000000 1448.000000 1055.000000 1450.000000 
		}
	}
	members={
		2735 3246 946 3245 941 3250 947 2733 3027 2666 3137 3136 962 963 3244 2734 3247 945 3249 948 951 950 3309 
	}
}
lesser_antilles_node={
	location=3313
	color={
		255 47 0 
	}
	outgoing={
		name="greater_antilles_node"
		path={
			3313 1523 1521 1516 
		}
		control={
			1827.000000 1116.000000 1808.000000 1137.000000 1752.000000 1150.000000 1685.000000 1149.000000 
		}
	}
	outgoing={
		name="sevilla"
		path={
			3316 1575 1583 1580 1567 1566 1292 1293 
		}
		control={
			1827.000000 1116.000000 1858.000000 1158.000000 1961.000000 1152.000000 2105.000000 1194.000000 2264.000000 1252.000000 2389.010010 1251.819946 2523.000000 1215.000000 2605.000000 1227.000000 
		}
	}
	members={
		492 3024 3314 3220 493 4646 4645 3049 4584 4585 4577 1881 3051 4578 4579 4580 494 4581 4636 495 4582 496 4583 497 498 499 500 501 4575 3328 4574 3327 502 4591 4598 3333 491 3331 3332 3313 
	}
}
greater_antilles_node={
	location=1516
	color={
		255 174 201 
	}
	outgoing={
		name="atlanta_node"
		path={
			1516 1524 1525 1503 1502 2512 3082 2510 
		}
		control={
			1634.000000 1171.000000 1655.000000 1198.000000 1606.000000 1239.000000 1570.000000 1277.000000 1552.000000 1349.000000 1534.000000 1399.000000 1508.000000 1407.000000 1494.000000 1428.000000 
		}
	}
	outgoing={
		name="veracruz_node"
		path={
			1516 1518 1512 1511 1510 862 
		}
		control={
			1634.000000 1171.000000 1580.000000 1186.000000 1517.000000 1205.000000 1469.000000 1216.000000 1426.000000 1235.000000 1390.000000 1225.000000 1366.000000 1183.000000 
		}
	}
	outgoing={
		name="bordeaux"
		path={
			1516 1524 1526 1575 1583 1580 1567 1566 1291 1290 1278 1276 
		}
		control={
			1634.000000 1171.000000 1680.000000 1204.000000 1784.000000 1199.000000 1940.000000 1253.000000 2067.000000 1268.000000 2269.000000 1306.000000 2379.000000 1311.000000 2517.000000 1330.000000 2589.000000 1369.000000 2637.000000 1389.000000 2698.000000 1401.000000 2740.000000 1406.000000 
		}
	}
	members={
		489 4590 4619 4618 4588 488 490 2658 2659 4620 4621 3330 4625 482 4627 4635 4626 483 3329 481 3326 4631 487 4630 3013 4629 4628 4624 484 4622 4586 4623 485 2656 2655 2654 486 2545 3265 3270 3020 1516 
	}
}
veracruz_node={
	location=862
	color={
		8 242 0 
	}
	outgoing={
		name="mississippi_delta_node"
		path={
			862 1510 1509 1508 1507 
		}
		control={
			1320.000000 1180.000000 1312.000000 1206.000000 1303.000000 1257.000000 1315.000000 1311.000000 1344.000000 1333.000000 1399.000000 1328.000000 
		}
	}
	outgoing={
		name="mexico_node"
		path={
			862 866 869 872 871 
		}
		control={
			1298.000000 1181.000000 1284.000000 1181.000000 1279.000000 1176.000000 1273.000000 1170.000000 1265.000000 1169.000000 
		}
	}
	members={
		860 861 862 863 3225 844 845 847 3223 846 3224 3222 848 3221 849 853 852 4606 903 904 905 906 
	}
}
prairies_node={
	location=2631
	color={
		158 151 237 
	}
	inland=yes
	outgoing={
		name="great_plains_node"
		path={
			2631 3043 983 3120 985 988 1001 
		}
		control={
			1043.000000 1747.000000 1064.000000 1730.000000 1082.000000 1682.000000 1122.000000 1653.000000 1141.000000 1627.000000 1190.000000 1630.000000 
		}
	}
	outgoing={
		name="rocky_mountains_node"
		path={
			2631 3043 3007 2622 997 3133 3143 1001 
		}
		control={
			1043.000000 1747.000000 1064.000000 1730.000000 1082.000000 1682.000000 1062.000000 1666.000000 1059.000000 1646.000000 1057.000000 1616.000000 1056.000000 1590.000000 1062.000000 1565.000000 1058.000000 1555.000000 1057.000000 1528.000000 1089.000000 1524.000000 1126.000000 1534.000000 1150.000000 1531.000000 
		}
	}
	members={
		3043 2631 3044 2633 3212 3213 2630 3045 3007 2622 2623 3054 3053 3072 2629 2626 3073 3006 2548 2550 2549 3134 996 997 
	}
}
mexico_node={
	location=871
	color={
		181 230 29 
	}
	inland=yes
	outgoing={
		name="texas_node"
		path={
			871 872 865 864 878 892 891 909 907 905 3296 2486 2478 2479 2480 
		}
		control={
			1262.000000 1185.000000 1257.000000 1197.000000 1242.000000 1204.000000 1239.000000 1215.000000 1227.000000 1228.000000 1219.000000 1247.000000 1217.000000 1262.000000 1220.000000 1288.000000 1227.000000 1311.000000 1242.000000 1312.000000 1253.000000 1331.000000 1262.000000 1357.000000 1283.000000 1369.000000 1293.000000 1390.000000 
		}
	}
	outgoing={
		name="phoenix_node"
		path={
			871 872 865 864 878 892 894 890 896 915 916 924 926 925 2484 859 4571 3239 937 3238 936 
		}
		control={
			1262.000000 1185.000000 1257.000000 1197.000000 1242.000000 1204.000000 1239.000000 1215.000000 1227.000000 1228.000000 1219.000000 1247.000000 1204.000000 1263.000000 1182.000000 1276.000000 1157.000000 1273.000000 1131.000000 1273.000000 1114.000000 1289.000000 1099.000000 1315.000000 1072.000000 1342.000000 1071.000000 1382.000000 1069.000000 1400.000000 1067.000000 1412.000000 
		}
	}
	members={
		870 871 872 873 866 867 868 869 864 865 878 879 889 895 897 898 899 911 912 913 914 896 907 908 909 910 890 891 892 893 894 880 881 882 
	}
}
phoenix_node={
	location=936
	color={
		237 214 111 
	}
	inland=yes
	outgoing={
		name="texas_node"
		path={
			936 3238 937 3239 4571 959 2484 3333 3298 2483 3297 2480 
		}
		control={
			1067.000000 1412.000000 1069.000000 1400.000000 1094.000000 1403.000000 1119.000000 1402.000000 1137.000000 1399.000000 1160.000000 1390.000000 1183.000000 1384.000000 1197.000000 1378.000000 1221.000000 1393.000000 1257.000000 1406.000000 
		}
	}
	outgoing={
		name="rocky_mountains_node"
		path={
			936 939 940 3237 4570 957 956 3259 990 
		}
		control={
			1060.000000 1437.000000 1066.000000 1455.000000 1094.000000 1452.000000 1111.000000 1455.000000 1139.000000 1446.000000 1148.000000 1465.000000 1167.000000 1462.000000 1175.000000 1481.000000 1179.000000 1495.000000 1173.000000 1509.000000 1172.000000 1521.000000 
		}
	}
	members={
		937 938 3239 4571 928 936 3237 3238 939 940 3236 949 3248 3279 3254 922 923 924 925 926 959 957 4570 4572 956 2484 3298 4573 
	}
}
rocky_mountains_node={
	location=990
	color={
		131 168 168 
	}
	inland=yes
	outgoing={
		name="texas_node"
		path={
			990 3259 956 2481 3294 2480 
		}
		control={
			1172.000000 1521.000000 1173.000000 1509.000000 1179.000000 1495.000000 1177.000000 1470.000000 1222.000000 1457.000000 1257.000000 1430.000000 1283.000000 1421.000000 
		}
	}
	outgoing={
		name="great_plains_node"
		path={
			990 3256 3160 988 1001 
		}
		control={
			1172.000000 1539.000000 1176.000000 1555.000000 1177.000000 1576.000000 1176.000000 1598.000000 
		}
	}
	members={
		953 954 955 952 3299 3300 976 3083 3084 977 3085 3121 980 983 3117 3118 987 986 3159 3160 992 3260 993 3259 3258 3256 3257 991 990 
	}
}
great_plains_node={
	location=1001
	color={
		239 228 176 
	}
	inland=yes
	outgoing={
		name="midwest_node"
		path={
			1001 998 3141 1000 3108 2552 3093 2553 
		}
		control={
			1234.000000 1609.000000 1267.000000 1606.000000 1295.000000 1602.000000 1299.000000 1583.000000 1309.000000 1566.000000 1336.000000 1567.000000 
		}
	}
	outgoing={
		name="texas_node"
		path={
			1001 998 3123 3124 3098 1007 1011 1010 3288 2480 
		}
		control={
			1234.000000 1609.000000 1267.000000 1606.000000 1295.000000 1602.000000 1299.000000 1583.000000 1304.000000 1569.000000 1309.000000 1548.000000 1324.000000 1527.000000 1324.000000 1494.000000 1320.000000 1479.000000 1304.000000 1465.000000 1290.000000 1460.000000 1291.000000 1440.000000 
		}
	}
	members={
		3123 1004 998 3142 989 988 3143 1001 981 985 3119 984 3120 982 3133 994 3135 995 3108 3109 2551 1000 999 3141 3124 1005 1002 3094 3122 1003 2556 
	}
}
texas_node={
	location=2480
	color={
		185 122 87 
	}
	inland=yes
	outgoing={
		name="mississippi_delta_node"
		path={
			2480 2479 2487 1508 1507 
		}
		control={
			1301.000000 1394.000000 1321.000000 1372.000000 1333.000000 1342.000000 1399.000000 1328.000000 
		}
	}
	outgoing={
		name="midwest_node"
		path={
			2480 3288 1010 1011 1007 1006 3095 2499 2669 2553 
		}
		control={
			1291.000000 1440.000000 1290.000000 1460.000000 1304.000000 1465.000000 1320.000000 1479.000000 1324.000000 1494.000000 1324.000000 1527.000000 1332.000000 1531.000000 1330.000000 1544.000000 
		}
	}
	members={
		3296 2486 3295 2478 2479 3297 3294 2480 2483 2482 2481 3289 958 3287 3288 1011 1010 2477 3096 3097 1009 1008 2495 3242 2500 2476 
	}
}
midwest_node={
	location=2553
	color={
		39 129 63 
	}
	inland=yes
	outgoing={
		name="great_lakes_node"
		path={
			2553 2555 2554 3274 2564 2565 3091 2575 2572 2573 3061 2645 2651 2642 
		}
		control={
			1372.000000 1563.000000 1389.000000 1559.000000 1404.000000 1574.000000 1421.000000 1572.000000 1435.000000 1576.000000 1449.000000 1570.000000 1469.000000 1587.000000 1486.000000 1594.000000 1507.000000 1588.000000 1519.000000 1587.000000 1542.000000 1602.000000 1557.000000 1609.000000 
		}
	}
	outgoing={
		name="ohio_river_node"
		path={
			2553 3155 3087 2562 2566 3089 2568 3090 2582 2581 
		}
		control={
			1372.000000 1563.000000 1389.000000 1559.000000 1389.000000 1533.000000 1412.000000 1534.000000 1433.000000 1535.000000 1450.000000 1535.000000 1462.000000 1537.000000 1477.000000 1534.000000 1490.000000 1527.000000 
		}
	}
	outgoing={
		name="mississippi_delta_node"
		path={
			2553 2669 2499 2500 3242 3243 2493 3240 3022 2491 3021 2490 1507 
		}
		control={
			1330.000000 1544.000000 1332.000000 1531.000000 1336.000000 1498.000000 1344.000000 1471.000000 1345.000000 1454.000000 1339.000000 1438.000000 1343.000000 1421.000000 1345.000000 1405.000000 1350.000000 1385.000000 1363.000000 1371.000000 1369.000000 1362.000000 1399.000000 1328.000000 
		}
	}
	members={
		1007 3098 1006 3095 2498 3116 3115 2669 2499 2554 2555 2553 3093 3092 2557 3157 2561 3305 2560 3107 2552 2547 3323 3087 2563 2564 3274 3275 2567 3086 2562 2566 3276 2571 3088 2568 3089 3090 
	}
}
ohio_river_node={
	location=2581
	color={
		181 147 0 
	}
	inland=yes
	outgoing={
		name="great_lakes_node"
		path={
			2581 2578 2579 2588 2598 2651 2642 
		}
		control={
			1501.000000 1530.000000 1512.000000 1544.000000 1521.000000 1566.000000 1555.000000 1577.000000 1575.000000 1593.000000 1573.000000 1601.000000 1558.000000 1605.000000 
		}
	}
	outgoing={
		name="chesapeake_bay_node"
		path={
			2581 3286 2540 2539 3154 2538 3149 2533 2535 1501 
		}
		control={
			1488.000000 1516.000000 1496.000000 1505.000000 1510.000000 1495.000000 1505.000000 1482.000000 1536.000000 1489.000000 1550.000000 1487.000000 1569.000000 1499.000000 1592.000000 1499.000000 1600.000000 1480.000000 1604.000000 1469.000000 
		}
	}
	outgoing={
		name="atlanta_node"
		path={
			2581 2514 3012 2516 2520 2521 3078 2510 
		}
		control={
			1488.000000 1516.000000 1496.000000 1505.000000 1510.000000 1495.000000 1492.000000 1474.000000 1477.000000 1454.000000 1483.000000 1441.000000 
		}
	}
	members={
		2520 2521 3078 2509 3229 3145 3146 2518 3144 2519 2517 3099 3100 2516 3012 2514 2515 2581 3286 2580 2578 2582 2589 3028 3029 3155 2539 2540 3156 2524 3132 3131 2523 3147 3150 3154 2541 3011 2532 4641 2587
	}
}
great_lakes_node={
	location=2642
	color={
		153 217 234 
	}
	inland=yes
	outgoing={
		name="new_york_node"
		path={
			2642 2651 2598 2597 2596 3127 2593 3284 2601 1500 
		}
		control={
			1558.000000 1605.000000 1573.000000 1601.000000 1596.000000 1596.000000 1617.000000 1603.000000 1637.000000 1604.000000 1650.000000 1588.000000 1650.000000 1569.000000 1654.000000 1563.000000 1654.000000 1559.000000 1651.000000 1553.000000 
		}
	}
	outgoing={
		name="st_lawrence_node"
		path={
			2642 2644 2643 2657 2008 2652 
		}
		control={
			1596.000000 1621.000000 1626.000000 1636.000000 1646.000000 1648.000000 1646.000000 1648.000000 1658.000000 1657.000000 1674.000000 1667.000000 
		}
	}
	members={
		3061 2645 2651 3219 3218 2644 3062 2643 2642 2576 2577 3278 3208 2572 2575 3105 3106 2574 2565 3091 2558 2570 2559 3158 3304 2598 2597 2668 2588 2579 3127 2595 2594 2596 2583 2569 2573 
	}
}
st_lawrence_node={
	location=2652
	color={
		112 146 190 
	}
	outgoing={
		name="new_england_node"
		path={
			2652 3058 2665 2603 2602 3125 2604 2605 3325 2609
		}
		control={
			1693.000000 1665.000000 1680.000000 1660.000000 1685.000000 1647.000000 1685.000000 1634.000000 1692.000000 1625.000000 1696.000000 1603.000000 1697.000000 1594.000000 
		}
	}
	outgoing={
		name="maritimes_node"
		path={
			2652 3308 1490 1491 3307 
		}
		control={
			1708.000000 1686.000000 1750.000000 1721.000000 1802.000000 1726.000000 1816.000000 1702.000000 
		}
	}
	members={
		2647 3037 2646 2649 2657 2008 2007 3055 3056 2004 3032 2006 2005 1805 3033 3069 3058 2652 3057 2665 3030 3031 3050 4576 
	}
}
atlanta_node={
	location=2510
	color={
		133 158 104 
	}
	outgoing={
		name="mississippi_delta_node"
		path={
			2510 2513 2506 3230 3232 3111 2503 1507 
		}
		control={
			1479.000000 1418.000000 1479.000000 1395.000000 1479.000000 1373.000000 1479.000000 1342.000000 
		}
	}
	outgoing={
		name="chesapeake_bay_node"
		path={
			2510 3079 2529 2524 2522 3151 2533 2535 1501 
		}
		control={
			1502.000000 1439.000000 1529.000000 1449.000000 1548.000000 1460.000000 1562.000000 1473.000000 1573.000000 1487.000000 1581.000000 1497.000000 1592.000000 1499.000000 1607.000000 1465.000000 
		}
	}
	members={
		3271 3268 2544 3273 3272 3019 3269 2543 3266 2542 3267 2546 2513 3082 2511 2510 3079 3081 3080 2512 2527 2528 2529 3162 3163 2507 2506 3230 3232 3231 
	}
}
chesapeake_bay_node={
	location=3306
	color={
		163 73 164 
	}
	outgoing={
		name="new_york_node"
		path={
			1501 3306 1500 
		}
		control={
			1636.000000 1497.000000 
		}
	}
	members={
		2526 2525 3130 2522 3129 2731 2730 2729 2534 2535 3148 3151 2538 3149 2537 2533 2530 2531 3025 2616 2536 1501 3306 
	}
}
maritimes_node={
	location=3307
	color={
		96 189 0 
	}
	outgoing={
		name="new_england_node"
		path={
			3307 1491 1494 1492 1499 2609 
		}
		control={
			1786.000000 1678.000000 1794.000000 1662.000000 1776.000000 1652.000000 1757.000000 1660.000000 1743.000000 1657.000000 1731.000000 1640.000000 1724.000000 1626.000000 1706.000000 1614.000000 1697.000000 1602.000000 1697.000000 1594.000000 
		}
	}
	outgoing={
		name="english_channel"
		path={
			3307 1491 1494 1565 1564 1563 1289 1274 1272 1271 1269 
		}
		control={
			1843.000000 1676.000000 1877.000000 1681.000000 1913.000000 1667.000000 1994.000000 1660.000000 2159.000000 1663.000000 2362.000000 1577.000000 2537.000000 1522.000000 2664.330078 1485.819946 2758.000000 1507.000000 2845.000000 1549.000000 
		}
	}
	outgoing={
		name="bordeaux"
		path={
			3307 1491 1494 1565 1564 1563 1289 1274 1275 1276 
		}
		control={
			1843.000000 1676.000000 1877.000000 1681.000000 1913.000000 1667.000000 1994.000000 1660.000000 2159.000000 1663.000000 2362.000000 1577.000000 2575.000000 1509.000000 2656.000000 1469.000000 2715.000000 1427.000000 
		}
	}
	members={
		3065 3064 1811 1809 3217 1808 1810 3060 3063 3071 3059 2003 3070 1812 1813 1814 2667 1806 1807 3068 3067 3066 3307 1491 1490
	}
}
new_england_node={
	location=2609
	color={
		163 0 0 
	}
	outgoing={
		name="new_york_node"
		path={
			2609 1499 1500 
		}
		control={
			1695.000000 1580.000000 1690.000000 1577.000000 1687.000000 1571.000000 1681.000000 1570.000000 1668.000000 1568.000000 1662.000000 1566.000000 1654.000000 1563.000000 1654.000000 1559.000000 1651.000000 1553.000000 
		}
	}
	members={
		2614 2613 3261 3263 3262 2609 2610 3104 3325 2611 3017 3277 3161 2602 2603 2605 2604 3125 2606 2607 2608 3018 3103 3291 3140 2612 3290 4869
	}
}
perth_node={
	location=1084
	color={
		193 26 14 
	}
	outgoing={
		name="sydney_node"
		path={
			1084 1417 1413 1416 1415 1414 1421 1424 2011 
		}
		control={
			4670.000000 165.000000 4683.000000 145.000000 4745.000000 158.000000 4807.000000 180.000000 4887.000000 179.000000 4928.000000 146.000000 4947.000000 166.000000 4965.000000 160.000000 4972.000000 130.000000 4985.000000 109.000000 5013.830078 79.570000 5037.000000 76.000000 5055.000000 85.000000 5072.000000 74.000000 5108.000000 98.000000 5127.000000 136.000000 
		}
	}
	members={
		3200 3199 3198 3204 1084 3202 3201 1085 3203 3206 1086 3207 1087 3205 3174 1094 3178 1091 3191 3190 1090 3173 1092 1093 3172 2009 
	}
}
white_sea={
	location=1652
	color={
		210 46 28 
	}
	outgoing={
		name="north_sea"
		path={
			1263 1264 1265 1929 1266 1975 
		}
		control={
			3453.000000 1897.000000 3447.000000 1948.000000 3339.000000 1992.000000 3187.000000 2034.000000 3076.000000 1993.000000 2987.000000 1944.000000 2942.000000 1864.000000 2862.000000 1790.000000 2868.000000 1711.000000 2847.000000 1660.000000 
		}
	}
	members={
		1652 315 1777 1963 2425 2426 4151 1077 1755 1964 4129 1955 4122 4256 4257 313 1776 1958 4258 314 4262 4263 
	}
}
north_sea={
	location=1975
	color={
		117 165 188 
	}
	outgoing={
		name="english_channel"
		path={
			1270 236 
		}
		control={
			2851.000000 1611.000000 
		}
	}
	outgoing={
		name="lubeck"
		path={
			1266 1267 1259 1258 45 
		}
		control={
			2882.000000 1665.000000 2955.000000 1690.500000 2983.000000 1670.000000 2979.000000 1645.000000 2974.000000 1637.000000 2979.000000 1627.000000 2976.000000 1618.000000 2974.000000 1612.000000 2981.000000 1606.000000 
		}
	}
	members={
		1975 1266 1280 1281 1282 1929 4153 4146 248 249 251 246 247 4361 4362 253 4364 4365 250 252 369 4110 4363 375 376 4119 373 374 4120 4379 372 4121 4380 4118 4377 4378 10 20 21 1978 1979 370 371 23 24 2752 4145 4375 244 
	}
}
lubeck={
	location=45
	color={
		190 70 70 
	}
	outgoing={
		name="english_channel"
		path={
			1857 44 1268 1269 
		}
		control={
			2966.000000 1599.000000 2957.000000 1596.000000 2915.000000 1602.000000 2868.000000 1576.000000 
		}
	}
	members={
		6 12 13 14 15 16 17 22 26 44 45 46 47 48 53 54 55 1775 1857 1874 1858 1981 1982 1983 1984 7 2994 2995 2996 4141 4142 4143 4144 4149 4163 4164 4165 4749 4745 4746 4771 4772 4786 
	}
}
bordeaux={
	location=1276
	color={
		36 132 247 
	}
	outgoing={
		name="champagne"
		path={
			1275 172 178 184 185 
		}
		control={
			2756.000000 1449.500000 2785.000000 1452.000000 2805.000000 1459.000000 2832.000000 1470.000000 
		}
	}
	members={
		1276 190 195 199 169 170 171 172 4384 194 198 4112 180 4111 4386 4387 173 209 210 174 175 176 177 178 4389 2989 4694 4697 4777 
	}
}
sevilla={
	location=1293
	color={
		57 160 101 
	}
	outgoing={
		name="valencia"
		path={
			4546 223 222 221 1295 
		}
		control={
			2751.000000 1257.000000 2780.000000 1258.000000 2798.000000 1275.000000 2812.000000 1300.000000 
		}
	}
	members={
		206 207 208 1746 215 216 231 232 1293 217 218 219 221 222 223 224 225 226 227 228 229 230 334 335 367 1745 1747 1748 1749 1751 1851 2754 2755 2751 4150 4546 4547 4548 4551 4552 4553 4554 4555 4556 4558 4561 4563 368 366 4565 4787 4788 4789 
	}
}
champagne={
	location=186
	color={
		193 26 14 
	}
	inland=yes
	outgoing={
		name="genua"
		path={
			187 193 203 204 2991 102 1298 
		}
		control={
			2891.000000 1487.000000 2893.000000 1450.000000 2878.000000 1435.000000 2882.000000 1409.500000 2880.500000 1385.500000 
		}
	}
	outgoing={
		name="english_channel"
		path={
			181 1866 92 1744 1269 
		}
		control={
			2862.000000 1510.000000 2858.000000 1532.000000 2865.000000 1540.000000 2871.000000 1550.000000 
		}
	}
	members={
		182 183 185 4388 179 184 4776 181 186 4390 187 188 189 165 1867 1871 91 93 94 1866 191 192 193 1877 4392 203 204 205 4719 4720 4721 4764 4766 
	}
}
valencia={
	location=1295
	color={
		87 70 168 
	}
	outgoing={
		name="genua"
		path={
			213 1296 1297 
		}
		control={
			2893.000000 1353.500000 
		}
	}
	members={
		1295 197 212 213 2987 2988 220 1750 4549 4550 211 214 2990 4557 333 4559 4560 196 200 2753 4391 4695 
	}
}
sydney_node={
	location=2011
	color={
		75 75 255 
	}
	members={
		1088 1089 3188 3189 3187 3194 3195 3196 3197 3168 2020 2018 2019 3193 2021 2022 3192 3317 3316 3179 2010 3177 2016 3171 3169 3170 3186 3180 3176 1790 3175 1791 3182 3181 3183 3184 3185 2011 2014 3164 3165 3166 2015 2017 2012 2013 3167 4648 
	}
	end=yes
}
mississippi_delta_node={
	location=1507
	color={
		200 100 100 
	}
	members={
		3023 3102 3021 2491 3101 2492 3022 2490 2489 2503 2508 3111 3112 2502 2504 3110 2505 3243 2493 3240 2494 2501 3114 2497 3113 2488 3241 2496 3293 2485 2487 3292 1507 
	}
	end=yes
}
new_york_node={
	location=1500
	color={
		22 88 22 
	}
	members={
		2615 3264 3312 2601 3283 3282 3281 3026 3128 3285 2585 3139 2586 2584 3138 2599 2593 2600 3284 2592 3126 3321 3280 2591 2590 3320 3319 3318 1500 4935 4936 4942
	}
	end=yes
}
genua={
	location=1298
	color={
		218 215 56 
	}
	members={
		1298 124 125 126 2982 115 116 117 2978 2980 123 1934 2984 101 102 2992 103 1875 2981 127 1247 2986 201 202 2991 4696 4727 4735 4736 4737 118 2976 4731 4732 121 2983 4734 104 1862 2979 4728 4740 
	}
	end=yes
}
venice={
	location=1308
	color={
		54 167 156 
	}
	members={
		105 106 107 108 109 111 112 113 114 119 120 122 129 130 1308 1769 1774 1933 2977 2985 4729 4730 4733 4738 4739 4751 
	}
	end=yes
}
english_channel={
	location=1269
	color={
		220 138 57 
	}
	members={
		1269 1270 1271 167 168 1879 4385 87 88 89 1743 241 242 4366 4369 245 4367 4368 4785 239 240 4372 243 1860 1861 4370 4376 233 234 4130 4373 4374 235 236 237 238 4371 92 95 98 99 2974 96 97 4383 100 1931 4381 4382 90 1744 1865 4769 4770 1742 
	}
	end=yes
}
